#    1.00000E+02 = size parameter
#    1.33000E+00 = Re(m)
#    1.00000E-01 = Im(m)
#    2.08755E+00 = Qext
#    1.10303E+00 = Qsca
#    2.18616E-02 = Qback
#    9.69021E-01 = g
#       Infinite = Truncation order of the Debye series

#      ang (deg)            S11       S11(p=0)       S11(p=1)            ...
     0.00000E+00    2.72988E+07    2.72988E+07    1.54305E-13    6.35642E-31    4.56880E-35    1.78127E-39    3.40996E-39
     5.00000E-01    2.22975E+07    2.22975E+07    1.54742E-13    4.16549E-31    2.97965E-35    9.99337E-40    1.73124E-39
     1.00000E+00    1.15905E+07    1.15905E+07    1.56060E-13    1.24996E-31    8.31671E-36    1.15321E-39    1.62604E-39
     1.50000E+00    3.08092E+06    3.08092E+06    1.58278E-13    1.43528E-31    8.99466E-36    1.46689E-39    2.18841E-39
     2.00000E+00    1.13015E+05    1.13015E+05    1.61429E-13    2.12767E-31    1.40208E-35    2.20491E-40    2.56044E-40
     2.50000E+00    2.72084E+05    2.72084E+05    1.65560E-13    9.18978E-32    6.10960E-36    3.49406E-40    6.55641E-40
     3.00000E+00    4.59495E+05    4.59495E+05    1.70735E-13    1.59242E-32    9.16383E-37    5.56909E-40    9.10785E-40
     3.50000E+00    1.43474E+05    1.43474E+05    1.77032E-13    9.59679E-32    6.17926E-36    2.23681E-41    1.22410E-41
     4.00000E+00    8.21719E+03    8.21719E+03    1.84548E-13    1.07432E-31    6.93901E-36    3.40779E-40    6.89958E-40
     4.50000E+00    9.89957E+04    9.89957E+04    1.93401E-13    2.76956E-32    1.61226E-36    1.91964E-40    3.28333E-40
     5.00000E+00    9.09048E+04    9.09048E+04    2.03731E-13    3.98453E-32    2.37497E-36    5.56868E-41    1.28334E-40
     5.50000E+00    1.31691E+04    1.31691E+04    2.15704E-13    9.35696E-32    5.89879E-36    2.82657E-40    5.72010E-40
     6.00000E+00    1.74349E+04    1.74349E+04    2.29514E-13    5.70102E-32    3.41404E-36    2.69459E-41    4.59924E-41
     6.50000E+00    4.51334E+04    4.51334E+04    2.45389E-13    2.43613E-32    1.21152E-36    1.60323E-40    3.14435E-40
     7.00000E+00    2.20542E+04    2.20542E+04    2.63597E-13    6.82329E-32    4.10763E-36    1.68744E-40    3.25944E-40
     7.50000E+00    3.03868E+03    3.03868E+03    2.84447E-13    7.71805E-32    4.61306E-36    1.89396E-41    2.32112E-41
     8.00000E+00    1.73283E+04    1.73283E+04    3.08300E-13    3.56906E-32    1.78507E-36    2.25139E-40    3.86715E-40
     8.50000E+00    1.99324E+04    1.99324E+04    3.35574E-13    4.78105E-32    2.60969E-36    6.23448E-41    9.93066E-41
     9.00000E+00    5.09643E+03    5.09643E+03    3.66755E-13    8.15894E-32    4.77105E-36    9.91784E-41    1.45866E-40
     9.50000E+00    4.91679E+03    4.91679E+03    4.02404E-13    5.86827E-32    3.11228E-36    2.06510E-40    3.01984E-40
     1.00000E+01    1.27137E+04    1.27137E+04    4.43175E-13    4.25311E-32    2.05861E-36    1.77639E-41    8.78334E-42
     1.05000E+01    7.87641E+03    7.87641E+03    4.89819E-13    7.50806E-32    4.17621E-36    1.77438E-40    2.59313E-40
     1.10000E+01    1.98554E+03    1.98554E+03    5.43210E-13    8.00360E-32    4.31591E-36    1.29285E-40    1.42066E-40
     1.15000E+01    6.03848E+03    6.03848E+03    6.04353E-13    5.39416E-32    2.54749E-36    4.07766E-41    6.06831E-41
     1.20000E+01    7.67270E+03    7.67270E+03    6.74413E-13    6.79683E-32    3.46580E-36    1.90792E-40    2.64380E-40
     1.25000E+01    2.89192E+03    2.89192E+03    7.54732E-13    9.27035E-32    4.90642E-36    5.23894E-41    2.74822E-41
     1.30000E+01    2.36466E+03    2.36466E+03    8.46857E-13    7.62820E-32    3.69330E-36    9.16977E-41    1.65302E-40
     1.35000E+01    5.38140E+03    5.38140E+03    9.52571E-13    6.97644E-32    3.23196E-36    1.35494E-40    1.68970E-40
     1.40000E+01    3.97435E+03    3.97435E+03    1.07392E-12    9.75532E-32    4.89754E-36    2.18189E-41    2.22606E-41
     1.45000E+01    1.47867E+03    1.47867E+03    1.21327E-12    1.01009E-31    4.92586E-36    1.20704E-40    2.18251E-40
     1.50000E+01    2.91394E+03    2.91394E+03    1.37332E-12    8.47191E-32    3.73976E-36    5.77076E-41    5.79755E-41
     1.55000E+01    3.87082E+03    3.87082E+03    1.55717E-12    1.01297E-31    4.68512E-36    4.25339E-41    9.72109E-41
     1.60000E+01    1.93994E+03    1.93994E+03    1.76836E-12    1.21959E-31    5.81907E-36    1.05251E-40    1.79036E-40
     1.65000E+01    1.47352E+03    1.47352E+03    2.01095E-12    1.10913E-31    4.86364E-36    1.30461E-41    1.35693E-41
     1.70000E+01    2.83806E+03    2.83806E+03    2.28957E-12    1.12038E-31    4.76779E-36    8.39973E-41    1.68984E-40
     1.75000E+01    2.40361E+03    2.40361E+03    2.60947E-12    1.38506E-31    6.29337E-36    6.20521E-41    8.88836E-41
     1.80000E+01    1.16565E+03    1.16565E+03    2.97663E-12    1.42814E-31    6.23723E-36    2.60060E-41    5.19945E-41
     1.85000E+01    1.70403E+03    1.70403E+03    3.39783E-12    1.35003E-31    5.46739E-36    1.08945E-40    1.73689E-40
     1.90000E+01    2.28469E+03    2.28469E+03    3.88075E-12    1.55383E-31    6.60402E-36    2.81775E-41    2.35419E-41
     1.95000E+01    1.41863E+03    1.41863E+03    4.43403E-12    1.75478E-31    7.50563E-36    7.69870E-41    1.21928E-40
     2.00000E+01    1.05445E+03    1.05445E+03    5.06742E-12    1.70648E-31    6.79209E-36    1.00917E-40    1.13409E-40
     2.05000E+01    1.71842E+03    1.71842E+03    5.79187E-12    1.79759E-31    7.15269E-36    2.93405E-41    2.71662E-41
     2.10000E+01    1.61579E+03    1.61579E+03    6.61964E-12    2.07918E-31    8.53219E-36    1.22080E-40    1.56144E-40
     2.15000E+01    9.48426E+02    9.48426E+02    7.56443E-12    2.15866E-31    8.49469E-36    7.14575E-41    4.35280E-41
     2.20000E+01    1.13003E+03    1.13003E+03    8.64148E-12    2.17559E-31    8.25112E-36    6.07731E-41    8.16983E-41
     2.25000E+01    1.49064E+03    1.49064E+03    9.86775E-12    2.43957E-31    9.45636E-36    1.27430E-40    1.27902E-40
     2.30000E+01    1.08944E+03    1.08944E+03    1.12620E-11    2.67223E-31    1.02684E-35    4.57949E-41    1.95320E-41
     2.35000E+01    8.16465E+02    8.16465E+02    1.28449E-11    2.71224E-31    9.97514E-36    9.37924E-41    1.30781E-40
     2.40000E+01    1.14392E+03    1.14392E+03    1.46392E-11    2.90449E-31    1.05940E-35    9.21765E-41    6.64748E-41
     2.45000E+01    1.15978E+03    1.15978E+03    1.66699E-11    3.24206E-31    1.19551E-35    4.14341E-41    5.15765E-41
     2.50000E+01    7.86678E+02    7.86677E+02    1.89643E-11    3.40027E-31    1.21802E-35    1.00426E-40    1.31292E-40
     2.55000E+01    8.17589E+02    8.17589E+02    2.15521E-11    3.54268E-31    1.22586E-35    4.52840E-41    2.49879E-41
     2.60000E+01    1.04103E+03    1.04103E+03    2.44654E-11    3.90683E-31    1.36476E-35    5.65840E-41    1.02423E-40
     2.65000E+01    8.61407E+02    8.61407E+02    2.77390E-11    4.22538E-31    1.46484E-35    7.55984E-41    8.69415E-41
     2.70000E+01    6.62847E+02    6.62847E+02    3.14103E-11    4.40013E-31    1.46148E-35    2.15971E-41    3.31524E-41
     2.75000E+01    8.16142E+02    8.16142E+02    3.55195E-11    4.74021E-31    1.56410E-35    7.51754E-41    1.24620E-40
     2.80000E+01    8.68501E+02    8.68501E+02    4.01093E-11    5.19653E-31    1.72659E-35    4.00585E-41    3.88303E-41
     2.85000E+01    6.60236E+02    6.60236E+02    4.52251E-11    5.49784E-31    1.76424E-35    3.63378E-41    7.56034E-41
     2.90000E+01    6.29637E+02    6.29637E+02    5.09152E-11    5.82742E-31    1.82779E-35    8.18321E-41    1.01286E-40
     2.95000E+01    7.63446E+02    7.63446E+02    5.72301E-11    6.36456E-31    2.01217E-35    2.30656E-41    2.62535E-41
     3.00000E+01    6.93297E+02    6.93297E+02    6.42229E-11    6.85059E-31    2.12174E-35    7.61019E-41    1.10464E-40
     3.05000E+01    5.54098E+02    5.54098E+02    7.19488E-11    7.24384E-31    2.17888E-35    7.38165E-41    5.63014E-41
     3.10000E+01    6.14285E+02    6.14285E+02    8.04651E-11    7.82089E-31    2.34817E-35    3.91659E-41    5.39431E-41
     3.15000E+01    6.69316E+02    6.69316E+02    8.98311E-11    8.49508E-31    2.52498E-35    1.10952E-40    1.07755E-40
     3.20000E+01    5.57801E+02    5.57801E+02    1.00107E-10    9.04980E-31    2.62239E-35    6.11994E-41    2.91589E-41
     3.25000E+01    5.07426E+02    5.07426E+02    1.11355E-10    9.68087E-31    2.76691E-35    7.69684E-41    9.22758E-41
     3.30000E+01    5.81299E+02    5.81299E+02    1.23637E-10    1.05117E-30    2.97965E-35    1.17070E-40    7.31811E-41
     3.35000E+01    5.64080E+02    5.64079E+02    1.37016E-10    1.13053E-30    3.15110E-35    5.66833E-41    3.97188E-41
     3.40000E+01    4.71507E+02    4.71507E+02    1.51554E-10    1.20655E-30    3.29387E-35    1.08029E-40    1.06379E-40
     3.45000E+01    4.82724E+02    4.82724E+02    1.67313E-10    1.30303E-30    3.50904E-35    9.31228E-41    3.90398E-41
     3.50000E+01    5.26749E+02    5.26749E+02    1.84353E-10    1.40970E-30    3.75986E-35    6.43463E-41    7.36736E-41
     3.55000E+01    4.72618E+02    4.72617E+02    2.02733E-10    1.50955E-30    3.94245E-35    1.08697E-40    8.62889E-41
     3.60000E+01    4.22569E+02    4.22569E+02    2.22509E-10    1.62204E-30    4.14829E-35    5.94079E-41    3.36858E-41
     3.65000E+01    4.56685E+02    4.56685E+02    2.43733E-10    1.75631E-30    4.45931E-35    7.65451E-41    9.86367E-41
     3.70000E+01    4.62155E+02    4.62155E+02    2.66453E-10    1.89048E-30    4.71885E-35    7.83735E-41    5.25420E-41
     3.75000E+01    4.05206E+02    4.05206E+02    2.90714E-10    2.02788E-30    4.93449E-35    4.17416E-41    5.78105E-41
     3.80000E+01    3.93062E+02    3.93062E+02    3.16554E-10    2.19066E-30    5.28112E-35    8.10908E-41    9.37967E-41
     3.85000E+01    4.21847E+02    4.21848E+02    3.44006E-10    2.36674E-30    5.63298E-35    4.05254E-41    3.51670E-41
     3.90000E+01    4.00564E+02    4.00564E+02    3.73097E-10    2.54252E-30    5.89881E-35    5.25936E-41    8.69617E-41
     3.95000E+01    3.59966E+02    3.59965E+02    4.03843E-10    2.73948E-30    6.27217E-35    7.24631E-41    6.63962E-41
     4.00000E+01    3.69026E+02    3.69026E+02    4.36257E-10    2.96276E-30    6.70813E-35    2.55893E-41    4.68976E-41
     4.05000E+01    3.80758E+02    3.80759E+02    4.70341E-10    3.19179E-30    7.06503E-35    8.30774E-41    9.52994E-41
     4.10000E+01    3.49660E+02    3.49660E+02    5.06086E-10    3.43540E-30    7.48235E-35    5.76013E-41    4.23724E-41
     4.15000E+01    3.29435E+02    3.29434E+02    5.43478E-10    3.71221E-30    7.98385E-35    4.81881E-41    7.41525E-41
     4.20000E+01    3.43618E+02    3.43618E+02    5.82490E-10    4.00835E-30    8.45511E-35    1.10887E-40    7.79506E-41
     4.25000E+01    3.39189E+02    3.39190E+02    6.23084E-10    4.31727E-30    8.95436E-35    5.10538E-41    4.19486E-41
     4.30000E+01    3.10990E+02    3.10990E+02    6.65215E-10    4.65919E-30    9.51187E-35    9.54747E-41    9.16481E-41
     4.35000E+01    3.06100E+02    3.06100E+02    7.08824E-10    5.03560E-30    1.00988E-34    1.17538E-40    5.28722E-41
     4.40000E+01    3.15736E+02    3.15736E+02    7.53842E-10    5.43223E-30    1.07228E-34    6.27775E-41    6.28040E-41
     4.45000E+01    3.01775E+02    3.01776E+02    8.00192E-10    5.85890E-30    1.13494E-34    1.35620E-40    8.55378E-41
     4.50000E+01    2.82253E+02    2.82253E+02    8.47782E-10    6.33115E-30    1.20426E-34    1.01737E-40    4.27680E-41
     4.55000E+01    2.85065E+02    2.85065E+02    8.96514E-10    6.83968E-30    1.28238E-34    8.82453E-41    8.45883E-41
     4.60000E+01    2.87126E+02    2.87127E+02    9.46277E-10    7.37927E-30    1.35557E-34    1.40890E-40    6.41317E-41
     4.65000E+01    2.70561E+02    2.70562E+02    9.96952E-10    7.96979E-30    1.43542E-34    7.90286E-41    5.48447E-41
     4.70000E+01    2.59970E+02    2.59969E+02    1.04841E-09    8.61656E-30    1.53094E-34    1.09647E-40    8.86244E-41
     4.75000E+01    2.64290E+02    2.64289E+02    1.10051E-09    9.30441E-30    1.61949E-34    1.08691E-40    4.81640E-41
     4.80000E+01    2.59999E+02    2.59999E+02    1.15312E-09    1.00462E-29    1.71207E-34    6.84694E-41    7.62802E-41
     4.85000E+01    2.45413E+02    2.45414E+02    1.20608E-09    1.08630E-29    1.82584E-34    1.08885E-40    7.40039E-41
     4.90000E+01    2.41208E+02    2.41208E+02    1.25923E-09    1.17405E-29    1.93427E-34    6.46658E-41    5.12588E-41
     4.95000E+01    2.43640E+02    2.43639E+02    1.31240E-09    1.26791E-29    2.04429E-34    7.71986E-41    8.77320E-41
     5.00000E+01    2.35811E+02    2.35812E+02    1.36544E-09    1.37080E-29    2.17773E-34    8.33276E-41    5.63276E-41
     5.05000E+01    2.25076E+02    2.25076E+02    1.41817E-09    1.48235E-29    2.30925E-34    4.45390E-41    6.88005E-41
     5.10000E+01    2.24196E+02    2.24195E+02    1.47043E-09    1.60172E-29    2.44286E-34    9.54169E-41    8.10898E-41
     5.15000E+01    2.23777E+02    2.23776E+02    1.52202E-09    1.73159E-29    2.59916E-34    5.14669E-41    5.20277E-41
     5.20000E+01    2.15035E+02    2.15036E+02    1.57279E-09    1.87288E-29    2.75588E-34    6.73165E-41    8.41629E-41
     5.25000E+01    2.08097E+02    2.08098E+02    1.62256E-09    2.02488E-29    2.91914E-34    1.05949E-40    6.52910E-41
     5.30000E+01    2.08189E+02    2.08188E+02    1.67116E-09    2.18945E-29    3.10359E-34    4.17730E-41    6.37244E-41
     5.35000E+01    2.05396E+02    2.05396E+02    1.71842E-09    2.36811E-29    3.28765E-34    1.19948E-40    8.49091E-41
     5.40000E+01    1.97431E+02    1.97432E+02    1.76418E-09    2.56141E-29    3.48561E-34    1.00335E-40    5.62818E-41
     5.45000E+01    1.93324E+02    1.93324E+02    1.80828E-09    2.77060E-29    3.70508E-34    7.08411E-41    7.96038E-41
     5.50000E+01    1.93072E+02    1.93071E+02    1.85057E-09    2.99673E-29    3.92019E-34    1.66078E-40    7.33652E-41
     5.55000E+01    1.88898E+02    1.88898E+02    1.89092E-09    3.24210E-29    4.15724E-34    8.72587E-41    6.18579E-41
     5.60000E+01    1.82439E+02    1.82440E+02    1.92917E-09    3.50834E-29    4.41928E-34    1.27124E-40    8.58639E-41
     5.65000E+01    1.80037E+02    1.80037E+02    1.96521E-09    3.79515E-29    4.67172E-34    1.73513E-40    6.26143E-41
     5.70000E+01    1.78982E+02    1.78981E+02    1.99892E-09    4.10636E-29    4.95298E-34    8.49043E-41    7.56919E-41
     5.75000E+01    1.74357E+02    1.74357E+02    2.03018E-09    4.44510E-29    5.26527E-34    1.75042E-40    7.94755E-41
     5.80000E+01    1.69463E+02    1.69463E+02    2.05892E-09    4.80955E-29    5.56387E-34    1.39697E-40    6.31648E-41
     5.85000E+01    1.67874E+02    1.67874E+02    2.08503E-09    5.20446E-29    5.89675E-34    1.02870E-40    8.50160E-41
     5.90000E+01    1.66067E+02    1.66066E+02    2.10845E-09    5.63513E-29    6.26715E-34    1.79967E-40    6.94826E-41
     5.95000E+01    1.61628E+02    1.61628E+02    2.12911E-09    6.09868E-29    6.62246E-34    9.44415E-41    7.36345E-41
     6.00000E+01    1.58021E+02    1.58022E+02    2.14696E-09    6.60040E-29    7.01745E-34    1.29956E-40    8.33277E-41
     6.05000E+01    1.56689E+02    1.56689E+02    2.16198E-09    7.14774E-29    7.45469E-34    1.36963E-40    6.68912E-41
     6.10000E+01    1.54397E+02    1.54396E+02    2.17412E-09    7.73740E-29    7.87784E-34    7.62358E-41    8.37354E-41
     6.15000E+01    1.50465E+02    1.50465E+02    2.18339E-09    8.37560E-29    8.34812E-34    1.41149E-40    7.56052E-41
     6.20000E+01    1.47780E+02    1.47781E+02    2.18977E-09    9.07144E-29    8.86256E-34    7.96626E-41    7.39645E-41
     6.25000E+01    1.46438E+02    1.46438E+02    2.19327E-09    9.82131E-29    9.36465E-34    1.00304E-40    8.53782E-41
     6.30000E+01    1.43946E+02    1.43945E+02    2.19393E-09    1.06337E-28    9.92507E-34    1.20834E-40    7.18496E-41
     6.35000E+01    1.40614E+02    1.40615E+02    2.19177E-09    1.15190E-28    1.05293E-33    5.82066E-41    8.33047E-41
     6.40000E+01    1.38528E+02    1.38529E+02    2.18683E-09    1.24725E-28    1.11218E-33    1.45244E-40    8.02651E-41
     6.45000E+01    1.37099E+02    1.37098E+02    2.17917E-09    1.35070E-28    1.17881E-33    8.25357E-41    7.64769E-41
     6.50000E+01    1.34626E+02    1.34625E+02    2.16884E-09    1.46343E-28    1.24972E-33    9.97924E-41    8.66246E-41
     6.55000E+01    1.31857E+02    1.31857E+02    2.15593E-09    1.58468E-28    1.31934E-33    1.71307E-40    7.67898E-41
     6.60000E+01    1.30136E+02    1.30137E+02    2.14052E-09    1.71642E-28    1.39821E-33    6.44361E-41    8.45724E-41
     6.65000E+01    1.28637E+02    1.28637E+02    2.12268E-09    1.86006E-28    1.48138E-33    1.82822E-40    8.34569E-41
     6.70000E+01    1.26319E+02    1.26319E+02    2.10251E-09    2.01430E-28    1.56303E-33    1.56422E-40    8.03541E-41
     6.75000E+01    1.24020E+02    1.24021E+02    2.08012E-09    2.18206E-28    1.65602E-33    9.88304E-41    8.82722E-41
     6.80000E+01    1.22520E+02    1.22520E+02    2.05560E-09    2.36518E-28    1.75349E-33    2.49054E-40    8.07711E-41
     6.85000E+01    1.21004E+02    1.21004E+02    2.02908E-09    2.56148E-28    1.84928E-33    1.18444E-40    8.77307E-41
     6.90000E+01    1.18904E+02    1.18904E+02    2.00067E-09    2.77515E-28    1.95864E-33    1.78842E-40    8.58446E-41
     6.95000E+01    1.16975E+02    1.16975E+02    1.97047E-09    3.00866E-28    2.07269E-33    2.48778E-40    8.44487E-41
     7.00000E+01    1.15615E+02    1.15615E+02    1.93862E-09    3.25854E-28    2.18519E-33    1.01186E-40    9.13522E-41
     7.05000E+01    1.14136E+02    1.14136E+02    1.90524E-09    3.53077E-28    2.31364E-33    2.54095E-40    8.34471E-41
     7.10000E+01    1.12269E+02    1.12269E+02    1.87044E-09    3.82864E-28    2.44682E-33    1.84073E-40    9.22724E-41
     7.15000E+01    1.10623E+02    1.10623E+02    1.83437E-09    4.14678E-28    2.57891E-33    1.33214E-40    8.85412E-41
     7.20000E+01    1.09365E+02    1.09366E+02    1.79713E-09    4.49372E-28    2.72961E-33    2.66650E-40    8.76583E-41
     7.25000E+01    1.07963E+02    1.07963E+02    1.75885E-09    4.87386E-28    2.88473E-33    1.11638E-40    9.63860E-41
     7.30000E+01    1.06319E+02    1.06318E+02    1.71966E-09    5.27889E-28    3.03951E-33    1.95941E-40    8.51929E-41
     7.35000E+01    1.04889E+02    1.04889E+02    1.67968E-09    5.72114E-28    3.21597E-33    2.02472E-40    9.71403E-41
     7.40000E+01    1.03719E+02    1.03719E+02    1.63902E-09    6.20659E-28    3.39610E-33    9.75407E-41    9.27578E-41
     7.45000E+01    1.02417E+02    1.02416E+02    1.59781E-09    6.72219E-28    3.57685E-33    2.34266E-40    8.92997E-41
     7.50000E+01    1.00971E+02    1.00970E+02    1.55614E-09    7.28596E-28    3.78285E-33    1.13344E-40    1.03178E-40
     7.55000E+01    9.97106E+01    9.97110E+01    1.51415E-09    7.90638E-28    3.99139E-33    1.58899E-40    8.70360E-41
     7.60000E+01    9.86232E+01    9.86233E+01    1.47192E-09    8.56266E-28    4.20166E-33    2.06771E-40    1.01040E-40
     7.65000E+01    9.74306E+01    9.74302E+01    1.42956E-09    9.28122E-28    4.44129E-33    8.24429E-41    9.94051E-41
     7.70000E+01    9.61578E+01    9.61577E+01    1.38717E-09    1.00749E-27    4.68205E-33    2.44440E-40    8.93916E-41
     7.75000E+01    9.50350E+01    9.50354E+01    1.34484E-09    1.09101E-27    4.92587E-33    1.32579E-40    1.10799E-40
     7.80000E+01    9.40288E+01    9.40289E+01    1.30267E-09    1.18257E-27    5.20367E-33    1.54538E-40    9.03993E-41
     7.85000E+01    9.29466E+01    9.29462E+01    1.26073E-09    1.28421E-27    5.48096E-33    2.76904E-40    1.02846E-40
     7.90000E+01    9.18228E+01    9.18227E+01    1.21910E-09    1.39050E-27    5.76304E-33    8.69609E-41    1.08742E-40
     7.95000E+01    9.08151E+01    9.08154E+01    1.17785E-09    1.50707E-27    6.08411E-33    2.89196E-40    8.87683E-41
     8.00000E+01    8.98886E+01    8.98887E+01    1.13706E-09    1.63741E-27    6.40281E-33    2.25194E-40    1.17768E-40
     8.05000E+01    8.89120E+01    8.89117E+01    1.09679E-09    1.77267E-27    6.72855E-33    1.39098E-40    9.67031E-41
     8.10000E+01    8.79164E+01    8.79163E+01    1.05710E-09    1.92093E-27    7.09865E-33    3.84641E-40    1.02013E-40
     8.15000E+01    8.70083E+01    8.70086E+01    1.01804E-09    2.08834E-27    7.46403E-33    1.41097E-40    1.20164E-40
     8.20000E+01    8.61592E+01    8.61592E+01    9.79651E-10    2.26050E-27    7.83939E-33    2.81504E-40    8.89802E-41
     8.25000E+01    8.52805E+01    8.52803E+01    9.41990E-10    2.44872E-27    8.26476E-33    3.61867E-40    1.22423E-40
     8.30000E+01    8.43958E+01    8.43957E+01    9.05091E-10    2.66416E-27    8.68235E-33    1.19729E-40    1.06911E-40
     8.35000E+01    8.35760E+01    8.35762E+01    8.68989E-10    2.88342E-27    9.11357E-33    4.19087E-40    9.88846E-41
     8.40000E+01    8.28007E+01    8.28007E+01    8.33715E-10    3.12174E-27    9.60072E-33    2.40017E-40    1.32201E-40
     8.45000E+01    8.20112E+01    8.20110E+01    7.99294E-10    3.39959E-27    1.00761E-32    2.10608E-40    9.19796E-41
     8.50000E+01    8.12231E+01    8.12231E+01    7.65749E-10    3.67921E-27    1.05695E-32    4.41070E-40    1.23401E-40
     8.55000E+01    8.04828E+01    8.04829E+01    7.33097E-10    3.97976E-27    1.11250E-32    1.30895E-40    1.21125E-40
     8.60000E+01    7.97770E+01    7.97771E+01    7.01353E-10    4.33892E-27    1.16638E-32    3.59067E-40    9.48143E-41
     8.65000E+01    7.90679E+01    7.90678E+01    6.70528E-10    4.69648E-27    1.22256E-32    3.22655E-40    1.42747E-40
     8.70000E+01    7.83647E+01    7.83646E+01    6.40628E-10    5.07332E-27    1.28561E-32    1.45734E-40    9.96424E-41
     8.75000E+01    7.76965E+01    7.76966E+01    6.11659E-10    5.53856E-27    1.34640E-32    4.41428E-40    1.20120E-40
     8.80000E+01    7.70556E+01    7.70557E+01    5.83622E-10    5.99800E-27    1.41007E-32    1.64073E-40    1.38342E-40
     8.85000E+01    7.64185E+01    7.64184E+01    5.56514E-10    6.46664E-27    1.48131E-32    2.89928E-40    9.20361E-41
     8.90000E+01    7.57901E+01    7.57900E+01    5.30333E-10    7.06999E-27    1.54958E-32    3.75980E-40    1.49516E-40
     8.95000E+01    7.51878E+01    7.51879E+01    5.05072E-10    7.66511E-27    1.62143E-32    1.17913E-40    1.13218E-40
     9.00000E+01    7.46072E+01    7.46072E+01    4.80722E-10    8.24150E-27    1.70155E-32    4.44879E-40    1.13159E-40
     9.05000E+01    7.40343E+01    7.40342E+01    4.57273E-10    9.02321E-27    1.77791E-32    2.13659E-40    1.56449E-40
     9.10000E+01    7.34721E+01    7.34721E+01    4.34713E-10    9.80358E-27    1.85865E-32    2.54490E-40    9.32834E-41
     9.15000E+01    7.29302E+01    7.29303E+01    4.13027E-10    1.05025E-26    1.94835E-32    4.67521E-40    1.50624E-40
     9.20000E+01    7.24052E+01    7.24053E+01    3.92200E-10    1.15104E-26    2.03339E-32    1.14846E-40    1.32824E-40
     9.25000E+01    7.18897E+01    7.18897E+01    3.72216E-10    1.25514E-26    2.12371E-32    4.83513E-40    1.04420E-40
     9.30000E+01    7.13863E+01    7.13863E+01    3.53057E-10    1.33849E-26    2.22365E-32    3.28860E-40    1.72503E-40
     9.35000E+01    7.08995E+01    7.08996E+01    3.34703E-10    1.46691E-26    2.31787E-32    2.13639E-40    1.01197E-40
     9.40000E+01    7.04259E+01    7.04260E+01    3.17135E-10    1.60883E-26    2.41838E-32    6.16246E-40    1.45212E-40
     9.45000E+01    6.99619E+01    6.99619E+01    3.00334E-10    1.70667E-26    2.52912E-32    1.62164E-40    1.57125E-40
     9.50000E+01    6.95106E+01    6.95105E+01    2.84278E-10    1.86653E-26    2.63288E-32    4.81712E-40    9.69803E-41
     9.55000E+01    6.90739E+01    6.90739E+01    2.68945E-10    2.06468E-26    2.74404E-32    5.31153E-40    1.83283E-40
     9.60000E+01    6.86477E+01    6.86478E+01    2.54314E-10    2.17883E-26    2.86594E-32    1.58620E-40    1.17626E-40
     9.65000E+01    6.82301E+01    6.82300E+01    2.40363E-10    2.36947E-26    2.97941E-32    7.24530E-40    1.33937E-40
     9.70000E+01    6.78249E+01    6.78249E+01    2.27069E-10    2.65206E-26    3.10149E-32    3.00234E-40    1.83294E-40
     9.75000E+01    6.74335E+01    6.74335E+01    2.14410E-10    2.78850E-26    3.23472E-32    3.87252E-40    9.46413E-41
     9.80000E+01    6.70511E+01    6.70512E+01    2.02366E-10    2.99861E-26    3.35787E-32    7.37390E-40    1.86038E-40
     9.85000E+01    6.66756E+01    6.66756E+01    1.90912E-10    3.40657E-26    3.49093E-32    1.48231E-40    1.42968E-40
     9.90000E+01    6.63114E+01    6.63114E+01    1.80027E-10    3.58393E-26    3.63545E-32    7.03080E-40    1.19223E-40
     9.95000E+01    6.59607E+01    6.59607E+01    1.69690E-10    3.78131E-26    3.76805E-32    4.98256E-40    2.07329E-40
     1.00000E+02    6.56185E+01    6.56185E+01    1.59879E-10    4.36776E-26    3.91195E-32    2.58035E-40    1.01188E-40
     1.00500E+02    6.52815E+01    6.52815E+01    1.50573E-10    4.63572E-26    4.06752E-32    8.48993E-40    1.79284E-40
     1.01000E+02    6.49540E+01    6.49540E+01    1.41750E-10    4.75375E-26    4.20915E-32    2.17802E-40    1.75701E-40
     1.01500E+02    6.46394E+01    6.46394E+01    1.33393E-10    5.57247E-26    4.36354E-32    5.86689E-40    1.05136E-40
     1.02000E+02    6.43337E+01    6.43337E+01    1.25479E-10    6.04624E-26    4.52967E-32    6.85443E-40    2.24719E-40
     1.02500E+02    6.40322E+01    6.40322E+01    1.17988E-10    5.97312E-26    4.67963E-32    1.75097E-40    1.19487E-40
     1.03000E+02    6.37379E+01    6.37379E+01    1.10905E-10    7.04147E-26    4.84388E-32    8.72233E-40    1.63500E-40
     1.03500E+02    6.34554E+01    6.34554E+01    1.04208E-10    7.95685E-26    5.01973E-32    3.46229E-40    2.12263E-40
     1.04000E+02    6.31825E+01    6.31825E+01    9.78807E-11    7.54634E-26    5.17699E-32    4.62629E-40    9.68566E-41
     1.04500E+02    6.29137E+01    6.29137E+01    9.19051E-11    8.75962E-26    5.35005E-32    8.55107E-40    2.31391E-40
     1.05000E+02    6.26498E+01    6.26498E+01    8.62657E-11    1.05412E-25    5.53437E-32    1.56551E-40    1.50596E-40
     1.05500E+02    6.23958E+01    6.23958E+01    8.09447E-11    9.68755E-26    5.69742E-32    8.71568E-40    1.41523E-40
     1.06000E+02    6.21519E+01    6.21519E+01    7.59264E-11    1.06601E-25    5.87772E-32    5.33209E-40    2.47375E-40
     1.06500E+02    6.19130E+01    6.19130E+01    7.11974E-11    1.39610E-25    6.06870E-32    3.52891E-40    9.97735E-41
     1.07000E+02    6.16773E+01    6.16773E+01    6.67424E-11    1.28140E-25    6.23552E-32    1.04941E-39    2.24771E-40
     1.07500E+02    6.14490E+01    6.14490E+01    6.25460E-11    1.26470E-25    6.42094E-32    2.07942E-40    1.93067E-40
     1.08000E+02    6.12306E+01    6.12306E+01    5.85962E-11    1.82490E-25    6.61623E-32    8.42499E-40    1.18508E-40
     1.08500E+02    6.10185E+01    6.10185E+01    5.48810E-11    1.76679E-25    6.78427E-32    8.20076E-40    2.74827E-40
     1.09000E+02    6.08091E+01    6.08091E+01    5.13859E-11    1.47359E-25    6.97215E-32    2.42401E-40    1.18317E-40
     1.09500E+02    6.06044E+01    6.06044E+01    4.80995E-11    2.30875E-25    7.16891E-32    1.24050E-39    2.04760E-40
     1.10000E+02    6.04083E+01    6.04083E+01    4.50123E-11    2.53904E-25    7.33523E-32    3.82625E-40    2.42666E-40
     1.10500E+02    6.02198E+01    6.02198E+01    4.21122E-11    1.74464E-25    7.52247E-32    7.19120E-40    1.01349E-40
     1.11000E+02    6.00346E+01    6.00346E+01    3.93877E-11    2.75237E-25    7.71746E-32    1.19292E-39    2.88664E-40
     1.11500E+02    5.98521E+01    5.98521E+01    3.68308E-11    3.73530E-25    7.87881E-32    1.77919E-40    1.54739E-40
     1.12000E+02    5.96760E+01    5.96760E+01    3.44325E-11    2.26010E-25    8.06197E-32    1.31206E-39    1.74389E-40
     1.12500E+02    5.95079E+01    5.95079E+01    3.21818E-11    2.98668E-25    8.25168E-32    7.20181E-40    2.92646E-40
     1.13000E+02    5.93443E+01    5.93443E+01    3.00707E-11    5.44120E-25    8.40459E-32    5.00037E-40    9.75878E-41
     1.13500E+02    5.91828E+01    5.91828E+01    2.80932E-11    3.45376E-25    8.57991E-32    1.53083E-39    2.84597E-40
     1.14000E+02    5.90253E+01    5.90253E+01    2.62399E-11    2.84247E-25    8.76056E-32    2.54733E-40    2.08083E-40
     1.14500E+02    5.88747E+01    5.88747E+01    2.45025E-11    7.52524E-25    8.90135E-32    1.18736E-39    1.39929E-40
     1.15000E+02    5.87299E+01    5.87299E+01    2.28761E-11    6.12304E-25    9.06480E-32    1.16169E-39    3.34646E-40
     1.15500E+02    5.85878E+01    5.85878E+01    2.13544E-11    2.42691E-25    9.23237E-32    2.90088E-40    1.13914E-40
     1.16000E+02    5.84480E+01    5.84480E+01    1.99289E-11    9.40658E-25    9.35719E-32    1.70318E-39    2.61382E-40
     1.16500E+02    5.83131E+01    5.83131E+01    1.85947E-11    1.13806E-24    9.50445E-32    5.13658E-40    2.73637E-40
     1.17000E+02    5.81844E+01    5.81844E+01    1.73481E-11    2.73765E-25    9.65470E-32    9.18482E-40    1.10327E-40
     1.17500E+02    5.80595E+01    5.80595E+01    1.61820E-11    9.95812E-25    9.75961E-32    1.58918E-39    3.60154E-40
     1.18000E+02    5.79365E+01    5.79365E+01    1.50904E-11    2.01851E-24    9.88623E-32    2.04531E-40    1.54511E-40
     1.18500E+02    5.78164E+01    5.78164E+01    1.40711E-11    6.61117E-25    1.00149E-31    1.68282E-39    2.21851E-40
     1.19000E+02    5.77014E+01    5.77014E+01    1.31195E-11    8.07598E-25    1.00961E-31    9.14731E-40    3.43068E-40
     1.19500E+02    5.75913E+01    5.75913E+01    1.22289E-11    3.22436E-24    1.01978E-31    6.21602E-40    9.59121E-41
     1.20000E+02    5.74837E+01    5.74837E+01    1.13970E-11    1.95590E-24    1.03009E-31    1.93145E-39    3.62359E-40
     1.20500E+02    5.73779E+01    5.73779E+01    1.06217E-11    4.78249E-25    1.03551E-31    2.92031E-40    2.19556E-40
     1.21000E+02    5.72753E+01    5.72753E+01    9.89728E-12    4.46460E-24    1.04279E-31    1.52225E-39    1.73307E-40
     1.21500E+02    5.71775E+01    5.71775E+01    9.21975E-12    4.93082E-24    1.05022E-31    1.41181E-39    4.05392E-40
     1.22000E+02    5.70834E+01    5.70834E+01    8.58878E-12    7.55701E-25    1.05270E-31    3.77252E-40    1.06515E-40
     1.22500E+02    5.69911E+01    5.69911E+01    8.00077E-12    5.20133E-24    1.05680E-31    2.17501E-39    3.38063E-40
     1.23000E+02    5.69006E+01    5.69006E+01    7.45053E-12    1.02408E-23    1.06111E-31    5.71969E-40    3.04247E-40
     1.23500E+02    5.68135E+01    5.68135E+01    6.93746E-12    3.60250E-24    1.06050E-31    1.25592E-39    1.27047E-40
     1.24000E+02    5.67305E+01    5.67305E+01    6.46071E-12    5.19191E-24    1.06122E-31    1.98559E-39    4.48737E-40
     1.24500E+02    5.66502E+01    5.66502E+01    6.01524E-12    1.77634E-23    1.06229E-31    2.39614E-40    1.49250E-40
     1.25000E+02    5.65714E+01    5.65714E+01    5.59873E-12    1.24687E-23    1.05859E-31    2.27939E-39    2.89269E-40
     1.25500E+02    5.64946E+01    5.64946E+01    5.21213E-12    5.98563E-24    1.05583E-31    1.08307E-39    3.98679E-40
     1.26000E+02    5.64209E+01    5.64209E+01    4.85236E-12    2.61015E-23    1.05365E-31    8.92213E-40    9.69138E-41
     1.26500E+02    5.63506E+01    5.63506E+01    4.51524E-12    3.14816E-23    1.04694E-31    2.57304E-39    4.62723E-40
     1.27000E+02    5.62825E+01    5.62825E+01    4.20161E-12    1.33041E-23    1.04072E-31    3.03999E-40    2.26374E-40
     1.27500E+02    5.62157E+01    5.62156E+01    3.91121E-12    3.35765E-23    1.03536E-31    2.15142E-39    2.24032E-40
     1.28000E+02    5.61507E+01    5.61507E+01    3.63943E-12    6.30034E-23    1.02585E-31    1.83154E-39    4.88783E-40
     1.28500E+02    5.60887E+01    5.60887E+01    3.38520E-12    3.88801E-23    1.01626E-31    5.02489E-40    9.69802E-41
     1.29000E+02    5.60294E+01    5.60295E+01    3.15039E-12    4.24747E-23    1.00789E-31    3.01331E-39    4.41080E-40
     1.29500E+02    5.59719E+01    5.59719E+01    2.93200E-12    1.04667E-22    9.95835E-32    6.89925E-40    3.33689E-40
     1.30000E+02    5.59156E+01    5.59156E+01    2.72664E-12    9.86961E-23    9.83072E-32    1.74289E-39    1.56216E-40
     1.30500E+02    5.58611E+01    5.58610E+01    2.53627E-12    6.67730E-23    9.71933E-32    2.70272E-39    5.58392E-40
     1.31000E+02    5.58090E+01    5.58091E+01    2.36082E-12    1.50052E-22    9.57703E-32    2.59841E-40    1.38643E-40
     1.31500E+02    5.57594E+01    5.57594E+01    2.19589E-12    2.04885E-22    9.42034E-32    3.12140E-39    3.84009E-40
     1.32000E+02    5.57111E+01    5.57111E+01    2.04145E-12    1.38875E-22    9.28455E-32    1.43467E-39    4.59950E-40
     1.32500E+02    5.56640E+01    5.56640E+01    1.89994E-12    1.98953E-22    9.12490E-32    1.15036E-39    1.03980E-40
     1.33000E+02    5.56185E+01    5.56184E+01    1.76818E-12    3.53819E-22    8.94275E-32    3.47429E-39    5.92223E-40
     1.33500E+02    5.55751E+01    5.55751E+01    1.64341E-12    3.05234E-22    8.78659E-32    3.53127E-40    2.27629E-40
     1.34000E+02    5.55337E+01    5.55337E+01    1.52854E-12    2.78455E-22    8.61466E-32    2.82334E-39    2.99730E-40
     1.34500E+02    5.54936E+01    5.54936E+01    1.42335E-12    5.22695E-22    8.41141E-32    2.43138E-39    5.87639E-40
     1.35000E+02    5.54544E+01    5.54544E+01    1.32347E-12    6.01794E-22    8.23941E-32    5.89900E-40    8.70160E-41
     1.35500E+02    5.54166E+01    5.54166E+01    1.22987E-12    4.61655E-22    8.06065E-32    3.93589E-39    5.79394E-40
     1.36000E+02    5.53807E+01    5.53807E+01    1.14528E-12    6.92196E-22    7.84111E-32    8.73653E-40    3.61505E-40
     1.36500E+02    5.53464E+01    5.53465E+01    1.06612E-12    1.01659E-21    7.65797E-32    2.20514E-39    2.04722E-40
     1.37000E+02    5.53133E+01    5.53133E+01    9.90233E-13    8.55560E-22    7.47782E-32    3.48512E-39    6.95243E-40
     1.37500E+02    5.52811E+01    5.52811E+01    9.21296E-13    8.98162E-22    7.24689E-32    2.83843E-40    1.22842E-40
     1.38000E+02    5.52500E+01    5.52500E+01    8.58737E-13    1.47417E-21    7.05709E-32    3.98571E-39    5.16824E-40
     1.38500E+02    5.52204E+01    5.52204E+01    7.98128E-13    1.53632E-21    6.88056E-32    1.79298E-39    5.28347E-40
     1.39000E+02    5.51923E+01    5.51923E+01    7.41396E-13    1.27679E-21    6.64289E-32    1.44641E-39    1.22308E-40
     1.39500E+02    5.51653E+01    5.51653E+01    6.91351E-13    1.88654E-21    6.45033E-32    4.40672E-39    7.60909E-40
     1.40000E+02    5.51390E+01    5.51390E+01    6.43874E-13    2.45632E-21    6.28175E-32    3.87954E-40    2.22722E-40
     1.40500E+02    5.51136E+01    5.51136E+01    5.97421E-13    2.03530E-21    6.04156E-32    3.62335E-39    4.11830E-40
     1.41000E+02    5.50895E+01    5.50895E+01    5.56354E-13    2.27225E-21    5.84943E-32    3.01502E-39    7.07083E-40
     1.41500E+02    5.50667E+01    5.50667E+01    5.19508E-13    3.40989E-21    5.69232E-32    7.44419E-40    7.95294E-41
     1.42000E+02    5.50448E+01    5.50448E+01    4.82405E-13    3.30832E-21    5.45337E-32    5.03941E-39    7.67017E-40
     1.42500E+02    5.50236E+01    5.50236E+01    4.47945E-13    2.85647E-21    5.26416E-32    9.99797E-40    3.87967E-40
     1.43000E+02    5.50032E+01    5.50031E+01    4.18826E-13    4.14997E-21    5.12129E-32    2.90137E-39    2.83196E-40
     1.43500E+02    5.49837E+01    5.49837E+01    3.90273E-13    4.96922E-21    4.88696E-32    4.40040E-39    8.69814E-40
     1.44000E+02    5.49653E+01    5.49653E+01    3.61449E-13    4.01153E-21    4.70251E-32    3.08126E-40    1.02588E-40
     1.44500E+02    5.49478E+01    5.49478E+01    3.37307E-13    4.63846E-21    4.57600E-32    5.23176E-39    7.04955E-40
     1.45000E+02    5.49309E+01    5.49309E+01    3.15896E-13    6.57717E-21    4.34940E-32    2.16883E-39    6.07473E-40
     1.45500E+02    5.49147E+01    5.49147E+01    2.92732E-13    5.97986E-21    4.17100E-32    1.93272E-39    1.60199E-40
     1.46000E+02    5.48991E+01    5.48991E+01    2.71738E-13    5.24174E-21    4.06239E-32    5.73277E-39    9.86077E-40
     1.46500E+02    5.48845E+01    5.48845E+01    2.55313E-13    7.61470E-21    3.84638E-32    3.76082E-40    2.11495E-40
     1.47000E+02    5.48707E+01    5.48707E+01    2.37943E-13    8.53288E-21    3.67477E-32    4.85357E-39    5.79191E-40
     1.47500E+02    5.48575E+01    5.48575E+01    2.19630E-13    6.61915E-21    3.58503E-32    3.84293E-39    8.57232E-40
     1.48000E+02    5.48447E+01    5.48447E+01    2.05840E-13    7.94794E-21    3.38219E-32    9.46761E-40    7.94030E-41
     1.48500E+02    5.48325E+01    5.48325E+01    1.93646E-13    1.08882E-20    3.21752E-32    6.70703E-39    1.02858E-39
     1.49000E+02    5.48210E+01    5.48210E+01    1.78638E-13    9.23364E-21    3.14701E-32    1.16900E-39    4.14840E-40
     1.49500E+02    5.48103E+01    5.48103E+01    1.65845E-13    8.16509E-21    2.95955E-32    3.88909E-39    4.09726E-40
     1.50000E+02    5.48001E+01    5.48001E+01    1.57168E-13    1.21221E-20    2.80134E-32    5.79830E-39    1.10232E-39
     1.50500E+02    5.47903E+01    5.47903E+01    1.46291E-13    1.27708E-20    2.74980E-32    2.97740E-40    7.94336E-41
     1.51000E+02    5.47809E+01    5.47809E+01    1.34224E-13    9.38913E-21    2.57951E-32    7.01298E-39    9.79647E-40
     1.51500E+02    5.47721E+01    5.47721E+01    1.26876E-13    1.19343E-20    2.42665E-32    2.77618E-39    7.05734E-40
     1.52000E+02    5.47638E+01    5.47638E+01    1.20140E-13    1.59929E-20    2.39324E-32    2.52909E-39    2.32214E-40
     1.52500E+02    5.47560E+01    5.47560E+01    1.09795E-13    1.24830E-20    2.24156E-32    7.65066E-39    1.30146E-39
     1.53000E+02    5.47487E+01    5.47487E+01    1.02089E-13    1.12077E-20    2.09242E-32    3.71319E-40    1.94431E-40
     1.53500E+02    5.47417E+01    5.47417E+01    9.82072E-14    1.73798E-20    2.07583E-32    6.47953E-39    8.37256E-40
     1.54000E+02    5.47350E+01    5.47350E+01    9.09643E-14    1.71134E-20    1.94388E-32    5.06957E-39    1.05993E-39
     1.54500E+02    5.47288E+01    5.47288E+01    8.26026E-14    1.17470E-20    1.79649E-32    1.16590E-39    9.54244E-41
     1.55000E+02    5.47230E+01    5.47230E+01    7.94078E-14    1.63220E-20    1.79507E-32    8.97222E-39    1.41377E-39
     1.55500E+02    5.47176E+01    5.47176E+01    7.58464E-14    2.14719E-20    1.68387E-32    1.44560E-39    4.47242E-40
     1.56000E+02    5.47125E+01    5.47125E+01    6.80371E-14    1.50806E-20    1.53608E-32    5.17380E-39    6.19715E-40
     1.56500E+02    5.47076E+01    5.47076E+01    6.36142E-14    1.40279E-20    1.54803E-32    7.72269E-39    1.43683E-39
     1.57000E+02    5.47031E+01    5.47031E+01    6.27792E-14    2.31783E-20    1.45859E-32    2.88732E-40    5.62436E-41
     1.57500E+02    5.46988E+01    5.46988E+01    5.73940E-14    2.10073E-20    1.30822E-32    9.43723E-39    1.40683E-39
     1.58000E+02    5.46950E+01    5.46950E+01    5.12349E-14    1.32347E-20    1.33166E-32    3.60761E-39    8.43654E-40
     1.58500E+02    5.46914E+01    5.46914E+01    5.08979E-14    2.10506E-20    1.26509E-32    3.39458E-39    3.68063E-40
     1.59000E+02    5.46880E+01    5.46880E+01    4.91026E-14    2.70459E-20    1.11007E-32    1.03141E-38    1.78362E-39
     1.59500E+02    5.46848E+01    5.46848E+01    4.25028E-14    1.65156E-20    1.14306E-32    3.64202E-40    1.73126E-40
     1.60000E+02    5.46818E+01    5.46818E+01    4.03662E-14    1.65635E-20    1.10065E-32    8.90438E-39    1.26512E-39
     1.60500E+02    5.46791E+01    5.46791E+01    4.15686E-14    2.95955E-20    9.39024E-33    6.76517E-39    1.36898E-39
     1.61000E+02    5.46766E+01    5.46766E+01    3.68804E-14    2.40880E-20    9.79517E-33    1.59890E-39    1.46074E-40
     1.61500E+02    5.46744E+01    5.46744E+01    3.20415E-14    1.36639E-20    9.62807E-33    1.24298E-38    2.04223E-39
     1.62000E+02    5.46722E+01    5.46722E+01    3.39063E-14    2.64601E-20    7.92721E-33    1.78262E-39    4.99562E-40
     1.62500E+02    5.46703E+01    5.46703E+01    3.29765E-14    3.27518E-20    8.38455E-33    7.41915E-39    9.97569E-40
     1.63000E+02    5.46684E+01    5.46684E+01    2.66978E-14    1.65206E-20    8.49277E-33    1.07085E-38    1.98811E-39
     1.63500E+02    5.46668E+01    5.46668E+01    2.63796E-14    1.91684E-20    6.68957E-33    3.48347E-40    3.87727E-41
     1.64000E+02    5.46653E+01    5.46653E+01    2.90870E-14    3.72070E-20    7.17340E-33    1.37072E-38    2.15817E-39
     1.64500E+02    5.46640E+01    5.46640E+01    2.42395E-14    2.63022E-20    7.57977E-33    4.87863E-39    1.08005E-39
     1.65000E+02    5.46628E+01    5.46628E+01    2.02052E-14    1.31776E-20    5.65674E-33    5.19616E-39    6.44103E-40
     1.65500E+02    5.46617E+01    5.46617E+01    2.40921E-14    3.35181E-20    6.13629E-33    1.51541E-38    2.64963E-39
     1.66000E+02    5.46607E+01    5.46607E+01    2.34061E-14    3.91864E-20    6.87054E-33    3.31119E-40    1.52404E-40
     1.66500E+02    5.46598E+01    5.46598E+01    1.67325E-14    1.51019E-20    4.81008E-33    1.38354E-38    2.08997E-39
     1.67000E+02    5.46590E+01    5.46590E+01    1.81755E-14    2.27729E-20    5.24774E-33    9.98719E-39    1.95256E-39
     1.67500E+02    5.46583E+01    5.46583E+01    2.22351E-14    4.75376E-20    6.35062E-33    2.65580E-39    2.82524E-40
     1.68000E+02    5.46577E+01    5.46577E+01    1.64159E-14    2.80997E-20    4.13471E-33    1.97525E-38    3.29465E-39
     1.68500E+02    5.46571E+01    5.46571E+01    1.28694E-14    1.22632E-20    4.48293E-33    2.47425E-39    6.23567E-40
     1.69000E+02    5.46566E+01    5.46566E+01    1.91171E-14    4.44261E-20    6.01287E-33    1.25698E-38    1.81787E-39
     1.69500E+02    5.46562E+01    5.46562E+01    1.81869E-14    4.82288E-20    3.62278E-33    1.75330E-38    3.16587E-39
     1.70000E+02    5.46558E+01    5.46558E+01    1.02716E-14    1.25547E-20    3.81852E-33    5.69438E-40    4.32374E-41
     1.70500E+02    5.46556E+01    5.46556E+01    1.38978E-14    2.93557E-20    5.86313E-33    2.41076E-38    3.87081E-39
     1.71000E+02    5.46553E+01    5.46553E+01    1.96856E-14    6.46825E-20    3.27956E-33    8.22094E-39    1.65999E-39
     1.71500E+02    5.46551E+01    5.46551E+01    1.17581E-14    3.12271E-20    3.23324E-33    9.80569E-39    1.35159E-39
     1.72000E+02    5.46549E+01    5.46549E+01    8.39084E-15    1.17743E-20    5.93075E-33    2.83080E-38    4.83669E-39
     1.72500E+02    5.46547E+01    5.46547E+01    1.83831E-14    6.50071E-20    3.13593E-33    4.47094E-40    1.61222E-40
     1.73000E+02    5.46546E+01    5.46546E+01    1.68453E-14    6.64075E-20    2.70817E-33    2.78952E-38    4.35623E-39
     1.73500E+02    5.46545E+01    5.46545E+01    5.95692E-15    9.80257E-21    6.29161E-33    2.04683E-38    3.69990E-39
     1.74000E+02    5.46544E+01    5.46544E+01    1.31751E-14    4.37830E-20    3.28032E-33    5.74736E-39    7.45121E-40
     1.74500E+02    5.46544E+01    5.46544E+01    2.28199E-14    1.03768E-19    2.22667E-33    4.46432E-38    7.35362E-39
     1.75000E+02    5.46543E+01    5.46543E+01    1.03833E-14    4.46141E-20    7.12826E-33    6.06081E-39    1.22090E-39
     1.75500E+02    5.46543E+01    5.46543E+01    5.97495E-15    1.24904E-20    3.96267E-33    3.12673E-38    4.81940E-39
     1.76000E+02    5.46542E+01    5.46542E+01    2.52838E-14    1.18349E-19    1.77890E-33    4.83151E-38    8.20082E-39
     1.76500E+02    5.46542E+01    5.46542E+01    2.49930E-14    1.34970E-19    8.92367E-33    1.75456E-39    2.24519E-40
     1.77000E+02    5.46542E+01    5.46542E+01    4.37207E-15    1.77369E-20    6.07047E-33    7.70825E-38    1.24712E-38
     1.77500E+02    5.46543E+01    5.46543E+01    1.90101E-14    7.77385E-20    1.46153E-33    3.57982E-38    6.18046E-39
     1.78000E+02    5.46543E+01    5.46543E+01    5.35355E-14    2.96958E-19    1.32814E-32    3.73625E-38    5.82905E-39
     1.78500E+02    5.46542E+01    5.46542E+01    4.61330E-14    3.07656E-19    1.54587E-32    1.58464E-37    2.60305E-38
     1.79000E+02    5.46542E+01    5.46542E+01    2.93277E-14    1.54482E-19    8.24267E-33    5.54303E-38    9.21745E-39
     1.79500E+02    5.46541E+01    5.46541E+01    6.34865E-14    1.61535E-19    2.95569E-32    2.96792E-37    4.83125E-38
     1.80000E+02    5.46541E+01    5.46541E+01    9.53434E-14    2.32458E-19    5.08365E-32    6.51080E-37    1.06558E-37

#      ang (deg)              P         P(p=0)         P(p=1)            ...
     0.00000E+00   -0.00000E+00   -0.00000E+00   -0.00000E+00   -0.00000E+00   -0.00000E+00   -0.00000E+00   -0.00000E+00
     5.00000E-01    1.90771E-04    1.90771E-04   -1.87643E-05    2.21654E-01    2.06483E-01    4.33685E-01    4.48470E-01
     1.00000E+00    9.04195E-04    9.04195E-04   -7.50484E-05    9.72426E-01    9.75756E-01    1.25902E-01   -3.47356E-02
     1.50000E+00    3.20227E-03    3.20227E-03   -1.68833E-04   -6.17542E-01   -6.40339E-01   -4.17838E-01   -5.89894E-01
     2.00000E+00    4.11157E-02    4.11157E-02   -3.00106E-04   -9.91414E-01   -9.79179E-01   -8.22886E-01   -6.99394E-01
     2.50000E+00    7.86088E-03    7.86088E-03   -4.68869E-04   -8.87687E-01   -8.42346E-01   -2.33686E-02   -4.88623E-01
     3.00000E+00    6.27289E-03    6.27289E-03   -6.75139E-04   -3.59302E-01   -2.32654E-01   -4.05329E-01   -6.42804E-01
     3.50000E+00    2.02158E-02    2.02158E-02   -9.18929E-04   -9.77822E-01   -9.69442E-01   -7.69822E-01   -2.07728E-01
     4.00000E+00    2.16145E-01    2.16145E-01   -1.20023E-03   -9.83543E-01   -9.60178E-01   -9.95378E-02   -5.85638E-01
     4.50000E+00    1.53547E-02    1.53547E-02   -1.51903E-03   -8.68843E-01   -7.92618E-01   -3.72386E-01   -6.83212E-01
     5.00000E+00    2.03437E-02    2.03437E-02   -1.87529E-03   -9.53299E-01   -9.31360E-01    7.42039E-02   -4.99070E-01
     5.50000E+00    1.17740E-01    1.17740E-01   -2.26903E-03   -9.91950E-01   -9.74703E-01   -1.54540E-01   -6.19998E-01
     6.00000E+00    6.49822E-02    6.49822E-02   -2.70025E-03   -9.70754E-01   -9.35244E-01   -3.83008E-01   -8.16665E-01
     6.50000E+00    2.74940E-02    2.74940E-02   -3.16895E-03   -9.37978E-01   -8.71198E-01   -2.39679E-01   -5.74698E-01
     7.00000E+00    5.85368E-02    5.85368E-02   -3.67514E-03   -9.90026E-01   -9.72304E-01   -2.35350E-01   -6.50723E-01
     7.50000E+00    3.32201E-01    3.32201E-01   -4.21877E-03   -9.87917E-01   -9.63010E-01   -7.53463E-01   -4.74770E-01
     8.00000E+00    5.29907E-02    5.29907E-02   -4.79982E-03   -9.66324E-01   -9.12272E-01   -3.92549E-01   -6.05424E-01
     8.50000E+00    5.16516E-02    5.16516E-02   -5.41831E-03   -9.84229E-01   -9.58873E-01   -4.58560E-01   -7.10910E-01
     9.00000E+00    1.83216E-01    1.83216E-01   -6.07423E-03   -9.91791E-01   -9.70286E-01   -5.17508E-01   -5.52875E-01
     9.50000E+00    1.57098E-01    1.57098E-01   -6.76760E-03   -9.83579E-01   -9.49494E-01   -5.30696E-01   -6.31563E-01
     1.00000E+01    6.39967E-02    6.39967E-02   -7.49839E-03   -9.80655E-01   -9.44034E-01   -9.96261E-01   -7.63498E-01
     1.05000E+01    1.06499E-01    1.06499E-01   -8.26656E-03   -9.91682E-01   -9.69886E-01   -4.85094E-01   -5.89250E-01
     1.10000E+01    3.59684E-01    3.59684E-01   -9.07209E-03   -9.89908E-01   -9.64121E-01   -7.12936E-01   -6.69309E-01
     1.15000E+01    1.10889E-01    1.10889E-01   -9.91500E-03   -9.84051E-01   -9.48505E-01   -2.76959E-01   -5.13976E-01
     1.20000E+01    9.43748E-02    9.43748E-02   -1.07953E-02   -9.89931E-01   -9.64370E-01   -4.95496E-01   -6.15182E-01
     1.25000E+01    2.34436E-01    2.34436E-01   -1.17129E-02   -9.92030E-01   -9.69059E-01   -9.50415E-01   -7.44307E-01
     1.30000E+01    2.51143E-01    2.51143E-01   -1.26679E-02   -9.88516E-01   -9.59120E-01   -1.13030E-01   -5.67885E-01
     1.35000E+01    1.14232E-01    1.14232E-01   -1.36602E-02   -9.88682E-01   -9.57709E-01   -5.42169E-01   -6.44320E-01
     1.40000E+01    1.58458E-01    1.58458E-01   -1.46897E-02   -9.92266E-01   -9.68613E-01   -3.81139E-01   -4.64539E-01
     1.45000E+01    3.79308E-01    3.79308E-01   -1.57566E-02   -9.91162E-01   -9.65116E-01   -1.16096E-01   -5.97852E-01
     1.50000E+01    1.83247E-01    1.83247E-01   -1.68607E-02   -9.89277E-01   -9.56183E-01   -6.59292E-01   -6.88597E-01
     1.55000E+01    1.46112E-01    1.46112E-01   -1.80021E-02   -9.91665E-01   -9.64526E-01    2.17967E-01   -5.38054E-01
     1.60000E+01    2.78248E-01    2.78248E-01   -1.91807E-02   -9.92316E-01   -9.66838E-01   -1.89478E-01   -6.24076E-01
     1.65000E+01    3.31500E-01    3.31500E-01   -2.03964E-02   -9.90713E-01   -9.58909E-01   -8.25776E-01   -5.49063E-01
     1.70000E+01    1.76076E-01    1.76076E-01   -2.16494E-02   -9.91137E-01   -9.59763E-01   -5.48958E-02   -5.77620E-01
     1.75000E+01    2.12246E-01    2.12246E-01   -2.29395E-02   -9.92540E-01   -9.65685E-01   -3.96444E-01   -6.55521E-01
     1.80000E+01    4.01199E-01    4.01199E-01   -2.42668E-02   -9.91871E-01   -9.61773E-01   -3.07116E-01   -4.97758E-01
     1.85000E+01    2.63294E-01    2.63294E-01   -2.56311E-02   -9.91222E-01   -9.58046E-01   -3.47245E-01   -6.04445E-01
     1.90000E+01    2.05091E-01    2.05091E-01   -2.70325E-02   -9.92298E-01   -9.63003E-01   -8.83592E-01   -6.51090E-01
     1.95000E+01    3.19664E-01    3.19664E-01   -2.84710E-02   -9.92471E-01   -9.63187E-01   -3.98115E-01   -5.53155E-01
     2.00000E+01    3.97350E-01    3.97350E-01   -2.99465E-02   -9.91725E-01   -9.59422E-01   -6.50460E-01   -6.30292E-01
     2.05000E+01    2.47022E-01    2.47022E-01   -3.14589E-02   -9.92021E-01   -9.60452E-01   -7.20530E-01   -4.64256E-01
     2.10000E+01    2.67695E-01    2.67695E-01   -3.30083E-02   -9.92605E-01   -9.62985E-01   -5.19531E-01   -5.83599E-01
     2.15000E+01    4.26815E-01    4.26815E-01   -3.45946E-02   -9.92223E-01   -9.61315E-01   -9.33658E-01   -6.49920E-01
     2.20000E+01    3.44903E-01    3.44903E-01   -3.62177E-02   -9.91968E-01   -9.59223E-01   -2.93431E-01   -5.24253E-01
     2.25000E+01    2.70123E-01    2.70123E-01   -3.78777E-02   -9.92470E-01   -9.61438E-01   -6.53111E-01   -6.07293E-01
     2.30000E+01    3.61675E-01    3.61676E-01   -3.95744E-02   -9.92502E-01   -9.62010E-01   -8.44643E-01   -5.10195E-01
     2.35000E+01    4.52365E-01    4.52365E-01   -4.13079E-02   -9.92113E-01   -9.59011E-01   -2.12555E-01   -5.60786E-01
     2.40000E+01    3.24272E-01    3.24272E-01   -4.30781E-02   -9.92279E-01   -9.59179E-01   -8.02572E-01   -6.28800E-01
     2.45000E+01    3.25479E-01    3.25479E-01   -4.48849E-02   -9.92541E-01   -9.61075E-01   -3.39195E-02   -4.95590E-01
     2.50000E+01    4.56324E-01    4.56324E-01   -4.67283E-02   -9.92291E-01   -9.58781E-01   -2.70848E-01   -5.84268E-01
     2.55000E+01    4.23364E-01    4.23364E-01   -4.86082E-02   -9.92170E-01   -9.57059E-01   -8.67438E-01   -5.93278E-01
     2.60000E+01    3.40329E-01    3.40329E-01   -5.05245E-02   -9.92420E-01   -9.58890E-01    2.96148E-01   -5.36461E-01
     2.65000E+01    4.06110E-01    4.06110E-01   -5.24773E-02   -9.92374E-01   -9.57921E-01   -4.34290E-01   -6.04567E-01
     2.70000E+01    5.00178E-01    5.00178E-01   -5.44664E-02   -9.92153E-01   -9.55612E-01   -1.39913E-01   -4.87568E-01
     2.75000E+01    4.04721E-01    4.04721E-01   -5.64917E-02   -9.92246E-01   -9.56334E-01    1.62819E-02   -5.60450E-01
     2.80000E+01    3.86439E-01    3.86439E-01   -5.85533E-02   -9.92330E-01   -9.56420E-01   -7.42467E-01   -6.13099E-01
     2.85000E+01    4.89789E-01    4.89789E-01   -6.06509E-02   -9.92160E-01   -9.54755E-01    1.62560E-01   -5.13716E-01
     2.90000E+01    4.95565E-01    4.95565E-01   -6.27846E-02   -9.92097E-01   -9.54290E-01   -4.36703E-01   -5.79143E-01
     2.95000E+01    4.14738E-01    4.14738E-01   -6.49542E-02   -9.92187E-01   -9.54579E-01   -8.41585E-01   -5.30425E-01
     3.00000E+01    4.54172E-01    4.54172E-01   -6.71597E-02   -9.92122E-01   -9.54042E-01   -3.11149E-01   -5.36313E-01
     3.05000E+01    5.43587E-01    5.43587E-01   -6.94009E-02   -9.91987E-01   -9.53019E-01   -8.61600E-01   -5.98696E-01
     3.10000E+01    4.84956E-01    4.84956E-01   -7.16778E-02   -9.92001E-01   -9.52717E-01   -3.45188E-01   -5.01688E-01
     3.15000E+01    4.51172E-01    4.51172E-01   -7.39903E-02   -9.92011E-01   -9.53023E-01   -6.55704E-01   -5.52723E-01
     3.20000E+01    5.27418E-01    5.27418E-01   -7.63383E-02   -9.91889E-01   -9.52095E-01   -9.60142E-01   -5.87625E-01
     3.25000E+01    5.59950E-01    5.59949E-01   -7.87216E-02   -9.91816E-01   -9.50958E-01   -3.09978E-01   -5.14270E-01
     3.30000E+01    4.91839E-01    4.91839E-01   -8.11401E-02   -9.91838E-01   -9.51441E-01   -8.80619E-01   -5.73147E-01
     3.35000E+01    5.06667E-01    5.06667E-01   -8.35937E-02   -9.91766E-01   -9.50896E-01   -4.48202E-01   -5.17652E-01
     3.40000E+01    5.84812E-01    5.84812E-01   -8.60823E-02   -9.91644E-01   -9.49206E-01   -4.47841E-01   -5.25942E-01
     3.45000E+01    5.61466E-01    5.61465E-01   -8.86058E-02   -9.91629E-01   -9.49306E-01   -9.34961E-01   -6.01759E-01
     3.50000E+01    5.19679E-01    5.19679E-01   -9.11640E-02   -9.91598E-01   -9.49070E-01    1.11798E-01   -5.00298E-01
     3.55000E+01    5.69572E-01    5.69573E-01   -9.37568E-02   -9.91475E-01   -9.47309E-01   -6.27402E-01   -5.43319E-01
     3.60000E+01    6.16436E-01    6.16436E-01   -9.63841E-02   -9.91411E-01   -9.46869E-01   -5.57229E-01   -5.68200E-01
     3.65000E+01    5.69239E-01    5.69239E-01   -9.90456E-02   -9.91386E-01   -9.46670E-01    1.35069E-01   -5.00804E-01
     3.70000E+01    5.63961E-01    5.63961E-01   -1.01741E-01   -9.91287E-01   -9.45211E-01   -7.97628E-01   -5.82417E-01
     3.75000E+01    6.25786E-01    6.25787E-01   -1.04471E-01   -9.91192E-01   -9.44454E-01    4.01922E-01   -5.05541E-01
     3.80000E+01    6.31186E-01    6.31186E-01   -1.07234E-01   -9.91145E-01   -9.44025E-01   -2.19640E-01   -5.11644E-01
     3.85000E+01    5.90965E-01    5.90965E-01   -1.10031E-01   -9.91068E-01   -9.42974E-01   -7.53356E-01   -6.15784E-01
     3.90000E+01    6.16619E-01    6.16619E-01   -1.12862E-01   -9.90968E-01   -9.42249E-01    3.74982E-01   -4.81806E-01
     3.95000E+01    6.66259E-01    6.66259E-01   -1.15725E-01   -9.90889E-01   -9.41475E-01   -6.91566E-01   -5.48727E-01
     4.00000E+01    6.43671E-01    6.43670E-01   -1.18622E-01   -9.90817E-01   -9.40676E-01    5.30955E-02   -5.42165E-01
     4.05000E+01    6.25703E-01    6.25703E-01   -1.21552E-01   -9.90728E-01   -9.40200E-01   -3.64459E-01   -4.80290E-01
     4.10000E+01    6.68239E-01    6.68240E-01   -1.24514E-01   -9.90625E-01   -9.39136E-01   -9.72376E-01   -6.21990E-01
     4.15000E+01    6.92294E-01    6.92295E-01   -1.27509E-01   -9.90541E-01   -9.38324E-01   -2.31696E-02   -4.77185E-01
     4.20000E+01    6.62718E-01    6.62717E-01   -1.30535E-01   -9.90463E-01   -9.38080E-01   -8.42472E-01   -5.09224E-01
     4.25000E+01    6.68600E-01    6.68599E-01   -1.33594E-01   -9.90351E-01   -9.36854E-01   -6.18529E-01   -6.04331E-01
     4.30000E+01    7.11629E-01    7.11629E-01   -1.36685E-01   -9.90248E-01   -9.35840E-01   -4.97196E-01   -4.52949E-01
     4.35000E+01    7.11624E-01    7.11624E-01   -1.39807E-01   -9.90173E-01   -9.35646E-01   -9.82296E-01   -5.92526E-01
     4.40000E+01    6.90389E-01    6.90389E-01   -1.42960E-01   -9.90060E-01   -9.34367E-01   -7.22127E-02   -4.98343E-01
     4.45000E+01    7.13510E-01    7.13509E-01   -1.46145E-01   -9.89943E-01   -9.33125E-01   -7.87082E-01   -4.67762E-01
     4.50000E+01    7.44833E-01    7.44834E-01   -1.49360E-01   -9.89860E-01   -9.32794E-01   -7.37432E-01   -6.55526E-01
     4.55000E+01    7.31383E-01    7.31384E-01   -1.52606E-01   -9.89749E-01   -9.31506E-01   -8.19960E-02   -4.36162E-01
     4.60000E+01    7.24720E-01    7.24719E-01   -1.55881E-01   -9.89625E-01   -9.30152E-01   -9.12144E-01   -5.44901E-01
     4.65000E+01    7.55133E-01    7.55132E-01   -1.59187E-01   -9.89529E-01   -9.29600E-01   -6.25955E-02   -5.52483E-01
     4.70000E+01    7.70570E-01    7.70571E-01   -1.62523E-01   -9.89415E-01   -9.28295E-01   -3.88172E-01   -4.27865E-01
     4.75000E+01    7.55027E-01    7.55028E-01   -1.65887E-01   -9.89289E-01   -9.26987E-01   -8.04752E-01   -6.63618E-01
     4.80000E+01    7.62095E-01    7.62094E-01   -1.69281E-01   -9.89181E-01   -9.26249E-01    5.02521E-01   -4.39835E-01
     4.85000E+01    7.90671E-01    7.90670E-01   -1.72704E-01   -9.89059E-01   -9.24891E-01   -7.10790E-01   -4.89435E-01
     4.90000E+01    7.93057E-01    7.93058E-01   -1.76155E-01   -9.88933E-01   -9.23728E-01   -1.90255E-01   -6.27606E-01
     4.95000E+01    7.82771E-01    7.82772E-01   -1.79634E-01   -9.88817E-01   -9.22900E-01    1.13590E-01   -3.94973E-01
     5.00000E+01    7.98897E-01    7.98896E-01   -1.83140E-01   -9.88683E-01   -9.21449E-01   -8.86198E-01   -6.29672E-01
     5.05000E+01    8.20109E-01    8.20108E-01   -1.86675E-01   -9.88556E-01   -9.20422E-01    7.23383E-01   -4.74640E-01
     5.10000E+01    8.15423E-01    8.15425E-01   -1.90236E-01   -9.88435E-01   -9.19572E-01   -6.03635E-01   -4.31704E-01
     5.15000E+01    8.13026E-01    8.13027E-01   -1.93824E-01   -9.88289E-01   -9.18004E-01   -5.87946E-01   -6.90045E-01
     5.20000E+01    8.32579E-01    8.32577E-01   -1.97439E-01   -9.88157E-01   -9.17020E-01    7.08091E-03   -3.77664E-01
     5.25000E+01    8.45097E-01    8.45097E-01   -2.01079E-01   -9.88033E-01   -9.16146E-01   -9.68892E-01   -5.69285E-01
     5.30000E+01    8.38942E-01    8.38944E-01   -2.04746E-01   -9.87876E-01   -9.14454E-01    2.38909E-01   -5.43540E-01
     5.35000E+01    8.43643E-01    8.43643E-01   -2.08437E-01   -9.87738E-01   -9.13406E-01   -7.40069E-01   -3.76934E-01
     5.40000E+01    8.62052E-01    8.62050E-01   -2.12154E-01   -9.87608E-01   -9.12450E-01   -8.39239E-01   -7.10457E-01
     5.45000E+01    8.67527E-01    8.67527E-01   -2.15895E-01   -9.87444E-01   -9.10649E-01   -5.17290E-02   -3.87113E-01
     5.50000E+01    8.63423E-01    8.63425E-01   -2.19660E-01   -9.87298E-01   -9.09480E-01   -9.74102E-01   -4.95027E-01
     5.55000E+01    8.72732E-01    8.72732E-01   -2.23448E-01   -9.87162E-01   -9.08382E-01   -2.44513E-01   -6.31568E-01
     5.60000E+01    8.87415E-01    8.87413E-01   -2.27261E-01   -9.86989E-01   -9.06502E-01   -6.00488E-01   -3.32706E-01
     5.65000E+01    8.88654E-01    8.88655E-01   -2.31096E-01   -9.86838E-01   -9.05227E-01   -8.75924E-01   -6.83665E-01
     5.70000E+01    8.87911E-01    8.87913E-01   -2.34953E-01   -9.86692E-01   -9.03964E-01    2.55225E-01   -4.32753E-01
     5.75000E+01    8.99057E-01    8.99056E-01   -2.38833E-01   -9.86512E-01   -9.02039E-01   -8.72979E-01   -4.15307E-01
     5.80000E+01    9.09343E-01    9.09341E-01   -2.42734E-01   -9.86356E-01   -9.00718E-01   -4.45563E-01   -7.08574E-01
     5.85000E+01    9.08914E-01    9.08915E-01   -2.46657E-01   -9.86201E-01   -8.99306E-01   -2.80078E-02   -3.09973E-01
     5.90000E+01    9.11273E-01    9.11275E-01   -2.50600E-01   -9.86011E-01   -8.97357E-01   -9.00069E-01   -6.19847E-01
     5.95000E+01    9.22059E-01    9.22058E-01   -2.54564E-01   -9.85852E-01   -8.96045E-01    3.37101E-01   -5.13893E-01
     6.00000E+01    9.28536E-01    9.28535E-01   -2.58548E-01   -9.85687E-01   -8.94516E-01   -5.88535E-01   -3.38215E-01
     6.05000E+01    9.28127E-01    9.28128E-01   -2.62551E-01   -9.85486E-01   -8.92541E-01   -6.24286E-01   -7.47900E-01
     6.10000E+01    9.32544E-01    9.32545E-01   -2.66573E-01   -9.85323E-01   -8.91244E-01    6.09413E-01   -3.21196E-01
     6.15000E+01    9.41667E-01    9.41666E-01   -2.70613E-01   -9.85148E-01   -8.89614E-01   -9.05777E-01   -5.31167E-01
     6.20000E+01    9.45433E-01    9.45432E-01   -2.74672E-01   -9.84936E-01   -8.87588E-01    1.85803E-01   -6.13874E-01
     6.25000E+01    9.45799E-01    9.45800E-01   -2.78748E-01   -9.84769E-01   -8.86265E-01   -3.28196E-01   -2.74709E-01
     6.30000E+01    9.51067E-01    9.51068E-01   -2.82841E-01   -9.84585E-01   -8.84521E-01   -8.42182E-01   -7.39371E-01
     6.35000E+01    9.58035E-01    9.58034E-01   -2.86951E-01   -9.84361E-01   -8.82410E-01    7.64276E-01   -3.74343E-01
     6.40000E+01    9.60155E-01    9.60155E-01   -2.91077E-01   -9.84190E-01   -8.80999E-01   -9.22068E-01   -4.28268E-01
     6.45000E+01    9.61367E-01    9.61368E-01   -2.95219E-01   -9.83995E-01   -8.79114E-01   -2.31672E-01   -7.05803E-01
     6.50000E+01    9.66484E-01    9.66484E-01   -2.99376E-01   -9.83759E-01   -8.76900E-01   -3.69457E-01   -2.39324E-01
     6.55000E+01    9.71347E-01    9.71346E-01   -3.03547E-01   -9.83584E-01   -8.75357E-01   -9.40989E-01   -6.85748E-01
     6.60000E+01    9.72594E-01    9.72594E-01   -3.07733E-01   -9.83378E-01   -8.73307E-01    5.31308E-01   -4.65228E-01
     6.65000E+01    9.74345E-01    9.74347E-01   -3.11932E-01   -9.83129E-01   -8.70997E-01   -9.26760E-01   -3.22846E-01
     6.70000E+01    9.78644E-01    9.78644E-01   -3.16144E-01   -9.82951E-01   -8.69316E-01   -5.55592E-01   -7.66162E-01
     6.75000E+01    9.81717E-01    9.81716E-01   -3.20369E-01   -9.82732E-01   -8.67105E-01   -1.27955E-01   -2.46616E-01
     6.80000E+01    9.82521E-01    9.82521E-01   -3.24607E-01   -9.82470E-01   -8.64725E-01   -9.54327E-01   -5.94507E-01
     6.85000E+01    9.84383E-01    9.84384E-01   -3.28855E-01   -9.82290E-01   -8.62931E-01    1.49864E-01   -5.75606E-01
     6.90000E+01    9.87517E-01    9.87517E-01   -3.33115E-01   -9.82058E-01   -8.60577E-01   -7.80973E-01   -2.31003E-01
     6.95000E+01    9.89168E-01    9.89167E-01   -3.37386E-01   -9.81780E-01   -8.58151E-01   -6.98280E-01   -7.82530E-01
     7.00000E+01    9.89688E-01    9.89689E-01   -3.41666E-01   -9.81599E-01   -8.56271E-01    4.51285E-01   -3.03269E-01
     7.05000E+01    9.91261E-01    9.91262E-01   -3.45956E-01   -9.81353E-01   -8.53794E-01   -9.48719E-01   -4.74824E-01
     7.10000E+01    9.93122E-01    9.93121E-01   -3.50255E-01   -9.81058E-01   -8.51328E-01   -1.43631E-01   -6.80994E-01
     7.15000E+01    9.93659E-01    9.93659E-01   -3.54562E-01   -9.80878E-01   -8.49365E-01   -3.17772E-01   -1.73423E-01
     7.20000E+01    9.93883E-01    9.93884E-01   -3.58878E-01   -9.80616E-01   -8.46765E-01   -8.17950E-01   -7.51432E-01
     7.25000E+01    9.94871E-01    9.94871E-01   -3.63201E-01   -9.80301E-01   -8.44239E-01    6.61017E-01   -4.01352E-01
     7.30000E+01    9.95487E-01    9.95486E-01   -3.67530E-01   -9.80126E-01   -8.42168E-01   -8.76985E-01   -3.40030E-01
     7.35000E+01    9.95126E-01    9.95126E-01   -3.71866E-01   -9.79848E-01   -8.39428E-01   -3.86929E-01   -7.61062E-01
     7.40000E+01    9.94960E-01    9.94960E-01   -3.76208E-01   -9.79509E-01   -8.36806E-01    3.24080E-01   -1.69105E-01
     7.45000E+01    9.95179E-01    9.95179E-01   -3.80555E-01   -9.79340E-01   -8.34586E-01   -9.32653E-01   -6.73370E-01
     7.50000E+01    9.94645E-01    9.94644E-01   -3.84907E-01   -9.79046E-01   -8.31682E-01    4.98207E-01   -5.20317E-01
     7.55000E+01    9.93510E-01    9.93510E-01   -3.89263E-01   -9.78679E-01   -8.28938E-01   -7.55283E-01   -2.11915E-01
     7.60000E+01    9.92843E-01    9.92843E-01   -3.93622E-01   -9.78521E-01   -8.26539E-01   -6.22164E-01   -8.03627E-01
     7.65000E+01    9.92207E-01    9.92207E-01   -3.97985E-01   -9.78209E-01   -8.23460E-01    6.48738E-01   -2.24392E-01
     7.70000E+01    9.90634E-01    9.90634E-01   -4.02350E-01   -9.77808E-01   -8.20586E-01   -9.89025E-01   -5.51295E-01
     7.75000E+01    9.88784E-01    9.88785E-01   -4.06718E-01   -9.77667E-01   -8.18001E-01    1.29566E-01   -6.36857E-01
     7.80000E+01    9.87522E-01    9.87522E-01   -4.11086E-01   -9.77338E-01   -8.14754E-01   -6.74027E-01   -1.20785E-01
     7.85000E+01    9.86015E-01    9.86015E-01   -4.15456E-01   -9.76894E-01   -8.11764E-01   -7.75316E-01   -8.02055E-01
     7.90000E+01    9.83509E-01    9.83508E-01   -4.19826E-01   -9.76776E-01   -8.09006E-01    7.82969E-01   -3.27053E-01
     7.95000E+01    9.80965E-01    9.80966E-01   -4.24196E-01   -9.76433E-01   -8.05610E-01   -9.93914E-01   -3.94566E-01
     8.00000E+01    9.79043E-01    9.79044E-01   -4.28566E-01   -9.75932E-01   -8.02522E-01   -2.59051E-01   -7.33334E-01
     8.05000E+01    9.76695E-01    9.76694E-01   -4.32934E-01   -9.75846E-01   -7.99609E-01   -3.92648E-01   -9.48085E-02
     8.10000E+01    9.73348E-01    9.73347E-01   -4.37301E-01   -9.75494E-01   -7.96079E-01   -8.55219E-01   -7.51100E-01
     8.15000E+01    9.70113E-01    9.70114E-01   -4.41665E-01   -9.74920E-01   -7.92897E-01    5.37720E-01   -4.52862E-01
     8.20000E+01    9.67500E-01    9.67501E-01   -4.46027E-01   -9.74874E-01   -7.89830E-01   -9.52773E-01   -2.26998E-01
     8.25000E+01    9.64365E-01    9.64364E-01   -4.50385E-01   -9.74523E-01   -7.86162E-01   -4.95181E-01   -7.99247E-01
     8.30000E+01    9.60258E-01    9.60257E-01   -4.54739E-01   -9.73851E-01   -7.82869E-01    3.46553E-01   -1.42626E-01
     8.35000E+01    9.56337E-01    9.56338E-01   -4.59089E-01   -9.73857E-01   -7.79630E-01   -9.24710E-01   -6.45400E-01
     8.40000E+01    9.53025E-01    9.53026E-01   -4.63435E-01   -9.73525E-01   -7.75808E-01    1.43122E-01   -5.78150E-01
     8.45000E+01    9.49172E-01    9.49171E-01   -4.67775E-01   -9.72722E-01   -7.72373E-01   -7.44885E-01   -9.05461E-02
     8.50000E+01    9.44379E-01    9.44378E-01   -4.72109E-01   -9.72788E-01   -7.68935E-01   -6.62834E-01   -8.27790E-01
     8.55000E+01    9.39782E-01    9.39783E-01   -4.76437E-01   -9.72505E-01   -7.64937E-01    8.57009E-01   -2.47122E-01
     8.60000E+01    9.35783E-01    9.35784E-01   -4.80758E-01   -9.71528E-01   -7.61332E-01   -9.77264E-01   -4.83912E-01
     8.65000E+01    9.31285E-01    9.31284E-01   -4.85071E-01   -9.71657E-01   -7.57673E-01   -1.62111E-01   -6.87102E-01
     8.70000E+01    9.25880E-01    9.25879E-01   -4.89376E-01   -9.71473E-01   -7.53488E-01   -2.24619E-01   -3.00138E-02
     8.75000E+01    9.20629E-01    9.20630E-01   -4.93674E-01   -9.70266E-01   -7.49703E-01   -8.06335E-01   -8.11382E-01
     8.80000E+01    9.15968E-01    9.15970E-01   -4.97962E-01   -9.70448E-01   -7.45819E-01    7.14730E-01   -3.78333E-01
     8.85000E+01    9.10897E-01    9.10896E-01   -5.02241E-01   -9.70440E-01   -7.41454E-01   -9.69949E-01   -2.83153E-01
     8.90000E+01    9.04956E-01    9.04954E-01   -5.06510E-01   -9.68936E-01   -7.37496E-01   -4.03139E-01   -7.71324E-01
     8.95000E+01    8.99088E-01    8.99089E-01   -5.10769E-01   -9.69137E-01   -7.33402E-01    3.82540E-01   -6.23754E-02
     9.00000E+01    8.93797E-01    8.93799E-01   -5.15017E-01   -9.69422E-01   -7.28874E-01   -9.09059E-01   -7.38631E-01
     9.05000E+01    8.88219E-01    8.88219E-01   -5.19254E-01   -9.67546E-01   -7.24757E-01    3.64778E-01   -5.10382E-01
     9.10000E+01    8.81820E-01    8.81818E-01   -5.23479E-01   -9.67688E-01   -7.20468E-01   -8.94641E-01   -9.24151E-02
     9.15000E+01    8.75389E-01    8.75389E-01   -5.27693E-01   -9.68432E-01   -7.15792E-01   -5.90529E-01   -8.25661E-01
     9.20000E+01    8.69505E-01    8.69508E-01   -5.31893E-01   -9.66119E-01   -7.11522E-01    8.59743E-01   -1.65682E-01
     9.25000E+01    8.63479E-01    8.63479E-01   -5.36080E-01   -9.66051E-01   -7.07045E-01   -9.62243E-01   -5.95913E-01
     9.30000E+01    8.56703E-01    8.56701E-01   -5.40254E-01   -9.67479E-01   -7.02221E-01   -1.97426E-02   -6.28202E-01
     9.35000E+01    8.49776E-01    8.49776E-01   -5.44414E-01   -9.64701E-01   -6.97788E-01   -7.05598E-01    1.85713E-02
     9.40000E+01    8.43342E-01    8.43345E-01   -5.48559E-01   -9.64160E-01   -6.93115E-01   -7.19331E-01   -8.43468E-01
     9.45000E+01    8.36917E-01    8.36917E-01   -5.52690E-01   -9.66548E-01   -6.88130E-01    8.61720E-01   -3.01313E-01
     9.50000E+01    8.29842E-01    8.29840E-01   -5.56806E-01   -9.63376E-01   -6.83512E-01   -9.93948E-01   -3.81319E-01
     9.55000E+01    8.22501E-01    8.22501E-01   -5.60906E-01   -9.61938E-01   -6.78627E-01   -3.10777E-01   -7.25277E-01
     9.60000E+01    8.15568E-01    8.15570E-01   -5.64990E-01   -9.65583E-01   -6.73465E-01   -9.45640E-02    1.25789E-02
     9.65000E+01    8.08780E-01    8.08781E-01   -5.69058E-01   -9.62278E-01   -6.68644E-01   -8.20431E-01   -8.12111E-01
     9.70000E+01    8.01478E-01    8.01476E-01   -5.73109E-01   -9.59312E-01   -6.63537E-01    3.95081E-01   -4.38825E-01
     9.75000E+01    7.93817E-01    7.93816E-01   -5.77142E-01   -9.64443E-01   -6.58192E-01   -9.75048E-01   -1.36196E-01
     9.80000E+01    7.86444E-01    7.86446E-01   -5.81159E-01   -9.61605E-01   -6.53162E-01   -5.07394E-01   -7.98724E-01
     9.85000E+01    7.79323E-01    7.79324E-01   -5.85158E-01   -9.56246E-01   -6.47839E-01    8.42898E-01   -8.58911E-02
     9.90000E+01    7.71852E-01    7.71850E-01   -5.89137E-01   -9.62858E-01   -6.42322E-01   -9.12842E-01   -7.09848E-01
     9.95000E+01    7.63970E-01    7.63969E-01   -5.93099E-01   -9.61614E-01   -6.37096E-01    3.98536E-03   -5.62725E-01
     1.00000E+02    7.56233E-01    7.56234E-01   -5.97043E-01   -9.52789E-01   -6.31578E-01   -7.48092E-01    4.29487E-02
     1.00500E+02    7.48802E-01    7.48804E-01   -6.00966E-01   -9.60390E-01   -6.25912E-01   -6.57158E-01   -8.44614E-01
     1.01000E+02    7.41202E-01    7.41202E-01   -6.04869E-01   -9.62563E-01   -6.20512E-01    8.67126E-01   -2.25476E-01
     1.01500E+02    7.33195E-01    7.33194E-01   -6.08754E-01   -9.49164E-01   -6.14827E-01   -9.83647E-01   -5.12132E-01
     1.02000E+02    7.25184E-01    7.25184E-01   -6.12619E-01   -9.56436E-01   -6.09038E-01   -2.60261E-01   -6.67900E-01
     1.02500E+02    7.17474E-01    7.17476E-01   -6.16460E-01   -9.64549E-01   -6.03483E-01   -8.11776E-02    7.87541E-02
     1.03000E+02    7.09765E-01    7.09765E-01   -6.20284E-01   -9.45879E-01   -5.97655E-01   -7.79125E-01   -8.53180E-01
     1.03500E+02    7.01715E-01    7.01713E-01   -6.24087E-01   -9.50329E-01   -5.91757E-01    4.56652E-01   -3.67944E-01
     1.04000E+02    6.93532E-01    6.93532E-01   -6.27865E-01   -9.67138E-01   -5.86059E-01   -9.94239E-01   -2.29375E-01
     1.04500E+02    6.85585E-01    6.85587E-01   -6.31623E-01   -9.43889E-01   -5.80099E-01   -4.52524E-01   -7.53611E-01
     1.05000E+02    6.77772E-01    6.77773E-01   -6.35362E-01   -9.41532E-01   -5.74099E-01    7.44795E-01   -9.92496E-03
     1.05500E+02    6.69737E-01    6.69736E-01   -6.39076E-01   -9.68786E-01   -5.68258E-01   -8.71079E-01   -8.02519E-01
     1.06000E+02    6.61491E-01    6.61490E-01   -6.42766E-01   -9.44797E-01   -5.62173E-01    8.69042E-02   -4.96099E-01
     1.06500E+02    6.53370E-01    6.53371E-01   -6.46437E-01   -9.29869E-01   -5.56073E-01   -8.98996E-01    3.27325E-02
     1.07000E+02    6.45454E-01    6.45456E-01   -6.50086E-01   -9.66428E-01   -5.50094E-01   -5.96985E-01   -8.18973E-01
     1.07500E+02    6.37462E-01    6.37462E-01   -6.53707E-01   -9.50979E-01   -5.43896E-01    9.64517E-01   -1.53510E-01
     1.08000E+02    6.29249E-01    6.29248E-01   -6.57307E-01   -9.15664E-01   -5.37710E-01   -9.38387E-01   -6.53488E-01
     1.08500E+02    6.21040E-01    6.21040E-01   -6.60887E-01   -9.56177E-01   -5.31609E-01   -1.96944E-01   -6.05774E-01
     1.09000E+02    6.13033E-01    6.13034E-01   -6.64440E-01   -9.64850E-01   -5.25327E-01   -5.28877E-01    1.32283E-01
     1.09500E+02    6.05084E-01    6.05084E-01   -6.67966E-01   -8.99740E-01   -5.19085E-01   -7.08135E-01   -8.58834E-01
     1.10000E+02    5.96974E-01    5.96973E-01   -6.71475E-01   -9.35469E-01   -5.12899E-01    5.38424E-01   -3.01218E-01
     1.10500E+02    5.88776E-01    5.88775E-01   -6.74959E-01   -9.84641E-01   -5.06578E-01   -9.88767E-01   -3.71122E-01
     1.11000E+02    5.80713E-01    5.80714E-01   -6.78412E-01   -8.83433E-01   -5.00328E-01   -3.99084E-01   -6.98016E-01
     1.11500E+02    5.72794E-01    5.72796E-01   -6.81844E-01   -9.04550E-01   -4.94108E-01    5.00731E-01    6.09104E-02
     1.12000E+02    5.64822E-01    5.64821E-01   -6.85258E-01   -9.94743E-01   -4.87806E-01   -8.03830E-01   -8.57269E-01
     1.12500E+02    5.56727E-01    5.56726E-01   -6.88640E-01   -8.69054E-01   -4.81601E-01    9.78473E-02   -4.32686E-01
     1.13000E+02    5.48674E-01    5.48674E-01   -6.91993E-01   -8.64991E-01   -4.75403E-01   -9.72563E-01   -2.53182E-02
     1.13500E+02    5.40781E-01    5.40782E-01   -6.95332E-01   -9.69742E-01   -4.69177E-01   -5.45811E-01   -7.74518E-01
     1.14000E+02    5.32943E-01    5.32944E-01   -6.98645E-01   -8.61500E-01   -4.63070E-01    9.55802E-01   -8.72004E-02
     1.14500E+02    5.25020E-01    5.25019E-01   -7.01921E-01   -8.16223E-01   -4.56942E-01   -8.94102E-01   -7.75486E-01
     1.15000E+02    5.17061E-01    5.17060E-01   -7.05179E-01   -9.09539E-01   -4.50840E-01   -1.88578E-01   -5.44405E-01
     1.15500E+02    5.09214E-01    5.09215E-01   -7.08422E-01   -8.68981E-01   -4.44873E-01   -6.19867E-01    1.67722E-01
     1.16000E+02    5.01492E-01    5.01493E-01   -7.11625E-01   -7.50997E-01   -4.38858E-01   -6.62979E-01   -8.34464E-01
     1.16500E+02    4.93767E-01    4.93766E-01   -7.14799E-01   -8.36567E-01   -4.32920E-01    4.77274E-01   -2.41209E-01
     1.17000E+02    4.85982E-01    4.85981E-01   -7.17966E-01   -8.62847E-01   -4.27129E-01   -9.69873E-01   -5.43999E-01
     1.17500E+02    4.78236E-01    4.78236E-01   -7.21102E-01   -6.43158E-01   -4.21263E-01   -3.77452E-01   -6.38942E-01
     1.18000E+02    4.70619E-01    4.70620E-01   -7.24195E-01   -7.60559E-01   -4.15528E-01    4.63829E-01    1.25980E-01
     1.18500E+02    4.63081E-01    4.63081E-01   -7.27277E-01   -7.86317E-01   -4.09948E-01   -7.63636E-01   -8.69760E-01
     1.19000E+02    4.55521E-01    4.55521E-01   -7.30347E-01   -3.89090E-01   -4.04274E-01    7.93673E-02   -3.75750E-01
     1.19500E+02    4.47948E-01    4.47948E-01   -7.33366E-01   -6.74054E-01   -3.98783E-01   -9.81413E-01   -1.44918E-01
     1.20000E+02    4.40458E-01    4.40458E-01   -7.36358E-01   -7.13761E-01   -3.93461E-01   -5.14993E-01   -7.19925E-01
     1.20500E+02    4.33084E-01    4.33085E-01   -7.39354E-01    4.49159E-01   -3.88027E-01    8.82564E-01   -2.76292E-02
     1.21000E+02    4.25758E-01    4.25758E-01   -7.42310E-01   -5.54809E-01   -3.82830E-01   -8.50846E-01   -8.53143E-01
     1.21500E+02    4.18419E-01    4.18418E-01   -7.45214E-01   -6.50925E-01   -3.77817E-01   -1.78312E-01   -4.87956E-01
     1.22000E+02    4.11107E-01    4.11106E-01   -7.48123E-01    6.05468E-01   -3.72679E-01   -7.63100E-01    1.75876E-01
     1.22500E+02    4.03895E-01    4.03895E-01   -7.51020E-01   -3.51441E-01   -3.67825E-01   -6.22798E-01   -7.89702E-01
     1.23000E+02    3.96780E-01    3.96781E-01   -7.53850E-01   -5.80304E-01   -3.63170E-01    4.69517E-01   -1.89791E-01
     1.23500E+02    3.89699E-01    3.89699E-01   -7.56660E-01   -2.10522E-01   -3.58378E-01   -9.24773E-01   -7.11375E-01
     1.24000E+02    3.82625E-01    3.82624E-01   -7.59489E-01    3.90446E-02   -3.53908E-01   -3.55692E-01   -5.81884E-01
     1.24500E+02    3.75604E-01    3.75604E-01   -7.62263E-01   -4.86271E-01   -3.49650E-01    1.14042E-01    1.85024E-01
     1.25000E+02    3.68685E-01    3.68686E-01   -7.64976E-01   -4.11412E-01   -3.45238E-01   -7.12638E-01   -8.46668E-01
     1.25500E+02    3.61849E-01    3.61850E-01   -7.67717E-01    4.78608E-01   -3.41171E-01    7.72930E-02   -3.27651E-01
     1.26000E+02    3.55045E-01    3.55045E-01   -7.70446E-01   -3.47318E-01   -3.37327E-01   -9.75438E-01   -3.30161E-01
     1.26500E+02    3.48266E-01    3.48266E-01   -7.73081E-01   -4.37276E-01   -3.33311E-01   -4.85111E-01   -6.62626E-01
     1.27000E+02    3.41555E-01    3.41555E-01   -7.75713E-01    2.24611E-01   -3.29642E-01    8.56253E-01    2.45678E-02
     1.27500E+02    3.34943E-01    3.34943E-01   -7.78386E-01   -1.37086E-01   -3.26210E-01   -7.95168E-01   -8.77555E-01
     1.28000E+02    3.28404E-01    3.28404E-01   -7.80976E-01   -3.96902E-01   -3.22586E-01   -1.82575E-01   -4.39361E-01
     1.28500E+02    3.21901E-01    3.21901E-01   -7.83494E-01   -1.33727E-01   -3.19297E-01   -8.89596E-01    1.40249E-01
     1.29000E+02    3.15438E-01    3.15438E-01   -7.86080E-01    1.12265E-01   -3.16263E-01   -5.85960E-01   -7.34499E-01
     1.29500E+02    3.09050E-01    3.09050E-01   -7.88646E-01   -3.10128E-01   -3.13020E-01    4.26210E-01   -1.48458E-01
     1.30000E+02    3.02754E-01    3.02754E-01   -7.91078E-01   -2.75162E-01   -3.10081E-01   -8.79002E-01   -8.31160E-01
     1.30500E+02    2.96528E-01    2.96528E-01   -7.93538E-01    1.80260E-01   -3.07430E-01   -3.52215E-01   -5.30737E-01
     1.31000E+02    2.90345E-01    2.90345E-01   -7.96072E-01   -1.76466E-01   -3.04560E-01   -2.59023E-02    2.37780E-01
     1.31500E+02    2.84210E-01    2.84210E-01   -7.98470E-01   -2.98723E-01   -3.01945E-01   -6.72465E-01   -7.99980E-01
     1.32000E+02    2.78153E-01    2.78153E-01   -8.00791E-01    9.30900E-03   -2.99669E-01    2.46664E-02   -2.90142E-01
     1.32500E+02    2.72183E-01    2.72183E-01   -8.03243E-01   -1.15380E-02   -2.97173E-01   -9.57998E-01   -5.55710E-01
     1.33000E+02    2.66282E-01    2.66282E-01   -8.05651E-01   -2.58599E-01   -2.94860E-01   -4.71107E-01   -6.08119E-01
     1.33500E+02    2.60430E-01    2.60430E-01   -8.07868E-01   -1.48224E-01   -2.92958E-01    7.95955E-01    6.89548E-02
     1.34000E+02    2.54632E-01    2.54632E-01   -8.10172E-01    9.64014E-02   -2.90842E-01   -7.54703E-01   -8.56305E-01
     1.34500E+02    2.48910E-01    2.48910E-01   -8.12587E-01   -1.72762E-01   -2.88810E-01   -2.10746E-01   -4.00613E-01
     1.35000E+02    2.43272E-01    2.43272E-01   -8.14781E-01   -2.14170E-01   -2.87279E-01   -9.26775E-01    3.32161E-02
     1.35500E+02    2.37705E-01    2.37705E-01   -8.16902E-01    4.92516E-02   -2.85552E-01   -5.63059E-01   -6.76943E-01
     1.36000E+02    2.32191E-01    2.32191E-01   -8.19253E-01   -5.56646E-02   -2.83769E-01    3.21989E-01   -1.18651E-01
     1.36500E+02    2.26734E-01    2.26734E-01   -8.21504E-01   -2.11874E-01   -2.82600E-01   -8.38703E-01   -8.79968E-01
     1.37000E+02    2.21351E-01    2.21351E-01   -8.23484E-01   -7.24575E-02   -2.81261E-01   -3.58767E-01   -4.88047E-01
     1.37500E+02    2.16049E-01    2.16049E-01   -8.25660E-01    4.53384E-02   -2.79680E-01   -1.39746E-01    2.83364E-01
     1.38000E+02    2.10818E-01    2.10818E-01   -8.27984E-01   -1.62330E-01   -2.78848E-01   -6.41242E-01   -7.41676E-01
     1.38500E+02    2.05646E-01    2.05646E-01   -8.29945E-01   -1.56918E-01   -2.77886E-01   -3.17697E-02   -2.64643E-01
     1.39000E+02    2.00532E-01    2.00532E-01   -8.31868E-01    5.01426E-02   -2.76442E-01   -9.22475E-01   -7.57013E-01
     1.39500E+02    1.95489E-01    1.95489E-01   -8.34169E-01   -7.99707E-02   -2.75908E-01   -4.62690E-01   -5.60045E-01
     1.40000E+02    1.90524E-01    1.90524E-01   -8.36254E-01   -1.83850E-01   -2.75307E-01    6.81237E-01    1.05063E-01
     1.40500E+02    1.85631E-01    1.85632E-01   -8.37963E-01   -3.88390E-02   -2.73924E-01   -7.13673E-01   -8.05208E-01
     1.41000E+02    1.80801E-01    1.80801E-01   -8.40060E-01    4.98093E-03   -2.73643E-01   -2.36561E-01   -3.73060E-01
     1.41500E+02    1.76029E-01    1.76029E-01   -8.42324E-01   -1.64884E-01   -2.73390E-01   -9.50784E-01   -1.78689E-01
     1.42000E+02    1.71326E-01    1.71326E-01   -8.44000E-01   -1.32074E-01   -2.71991E-01   -5.42589E-01   -6.22666E-01
     1.42500E+02    1.66698E-01    1.66698E-01   -8.45739E-01    2.92155E-02   -2.71921E-01    2.45843E-01   -1.02095E-01
     1.43000E+02    1.62142E-01    1.62142E-01   -8.48062E-01   -1.11923E-01   -2.72023E-01   -7.87621E-01   -8.63271E-01
     1.43500E+02    1.57651E-01    1.57651E-01   -8.49948E-01   -1.82856E-01   -2.70537E-01   -3.66917E-01   -4.55370E-01
     1.44000E+02    1.53221E-01    1.53221E-01   -8.51342E-01   -3.95292E-02   -2.70643E-01   -3.90412E-01    3.18569E-01
     1.44500E+02    1.48855E-01    1.48855E-01   -8.53442E-01   -4.47824E-02   -2.71132E-01   -6.09162E-01   -6.81005E-01
     1.45000E+02    1.44562E-01    1.44562E-01   -8.55674E-01   -1.90215E-01   -2.69504E-01   -8.31282E-02   -2.52503E-01
     1.45500E+02    1.40340E-01    1.40340E-01   -8.56979E-01   -1.39166E-01   -2.69757E-01   -8.71898E-01   -8.65826E-01
     1.46000E+02    1.36186E-01    1.36186E-01   -8.58568E-01   -1.30448E-02   -2.70687E-01   -4.57453E-01   -5.20586E-01
     1.46500E+02    1.32093E-01    1.32093E-01   -8.61015E-01   -1.61969E-01   -2.68872E-01    6.44777E-01    1.32046E-01
     1.47000E+02    1.28063E-01    1.28063E-01   -8.62627E-01   -2.08789E-01   -2.69238E-01   -6.70450E-01   -7.39903E-01
     1.47500E+02    1.24101E-01    1.24101E-01   -8.63653E-01   -6.70441E-02   -2.70683E-01   -2.68841E-01   -3.57675E-01
     1.48000E+02    1.20209E-01    1.20209E-01   -8.65895E-01   -1.10107E-01   -2.68637E-01   -9.57751E-01   -4.89014E-01
     1.48500E+02    1.16386E-01    1.16386E-01   -8.68099E-01   -2.36216E-01   -2.69060E-01   -5.25199E-01   -5.75140E-01
     1.49000E+02    1.12626E-01    1.12626E-01   -8.68896E-01   -1.69891E-01   -2.71103E-01    1.58673E-01   -1.01261E-01
     1.49500E+02    1.08928E-01    1.08928E-01   -8.70427E-01   -7.19968E-02   -2.68780E-01   -7.35267E-01   -8.03633E-01
     1.50000E+02    1.05294E-01    1.05294E-01   -8.73126E-01   -2.26199E-01   -2.69166E-01   -3.81879E-01   -4.33616E-01
     1.50500E+02    1.01729E-01    1.01729E-01   -8.74315E-01   -2.52252E-01   -2.71893E-01   -5.93033E-01    3.32062E-01
     1.51000E+02    9.82314E-02    9.82315E-02   -8.74925E-01   -1.09519E-01   -2.69242E-01   -5.80373E-01   -6.24008E-01
     1.51500E+02    9.47987E-02    9.47987E-02   -8.77532E-01   -1.85661E-01   -2.69444E-01   -1.51441E-01   -2.55257E-01
     1.52000E+02    9.14276E-02    9.14275E-02   -8.79655E-01   -2.93166E-01   -2.72947E-01   -8.16382E-01   -8.65041E-01
     1.52500E+02    8.81186E-02    8.81185E-02   -8.79744E-01   -2.11964E-01   -2.69920E-01   -4.57137E-01   -4.90929E-01
     1.53000E+02    8.48747E-02    8.48747E-02   -8.81409E-01   -1.40206E-01   -2.69733E-01    6.04076E-01    1.47978E-01
     1.53500E+02    8.16975E-02    8.16975E-02   -8.84498E-01   -2.96379E-01   -2.74121E-01   -6.30504E-01   -6.71865E-01
     1.54000E+02    7.85857E-02    7.85857E-02   -8.84994E-01   -3.03184E-01   -2.70691E-01   -3.08843E-01   -3.55295E-01
     1.54500E+02    7.55362E-02    7.55362E-02   -8.85189E-01   -1.57670E-01   -2.69844E-01   -9.29769E-01   -7.67298E-01
     1.55000E+02    7.25478E-02    7.25477E-02   -8.88506E-01   -2.65977E-01   -2.75260E-01   -5.11649E-01   -5.36274E-01
     1.55500E+02    6.96214E-02    6.96214E-02   -8.90357E-01   -3.53474E-01   -2.71455E-01    3.81206E-02   -1.20047E-01
     1.56000E+02    6.67593E-02    6.67594E-02   -8.89472E-01   -2.57444E-01   -2.69596E-01   -6.82966E-01   -7.24370E-01
     1.56500E+02    6.39621E-02    6.39621E-02   -8.91671E-01   -2.14895E-01   -2.76235E-01   -4.00228E-01   -4.23354E-01
     1.57000E+02    6.12280E-02    6.12281E-02   -8.95226E-01   -3.66992E-01   -2.72164E-01   -7.91932E-01    2.82554E-01
     1.57500E+02    5.85550E-02    5.85549E-02   -8.94569E-01   -3.55769E-01   -2.68839E-01   -5.54505E-01   -5.74130E-01
     1.58000E+02    5.59422E-02    5.59422E-02   -8.94501E-01   -2.07859E-01   -2.76957E-01   -2.24636E-01   -2.74912E-01
     1.58500E+02    5.33910E-02    5.33910E-02   -8.99028E-01   -3.47405E-01   -2.72848E-01   -7.48874E-01   -7.88654E-01
     1.59000E+02    5.09028E-02    5.09028E-02   -9.00133E-01   -4.12344E-01   -2.67460E-01   -4.59466E-01   -4.71678E-01
     1.59500E+02    4.84776E-02    4.84777E-02   -8.97957E-01   -3.02040E-01   -2.77367E-01    4.82692E-01    1.47968E-01
     1.60000E+02    4.61141E-02    4.61141E-02   -9.01497E-01   -2.96073E-01   -2.73599E-01   -5.91256E-01   -6.08022E-01
     1.60500E+02    4.38105E-02    4.38105E-02   -9.05350E-01   -4.33808E-01   -2.65360E-01   -3.50149E-01   -3.66870E-01
     1.61000E+02    4.15665E-02    4.15665E-02   -9.02781E-01   -4.06591E-01   -2.77403E-01   -8.53495E-01   -8.42060E-01
     1.61500E+02    3.93831E-02    3.93831E-02   -9.03002E-01   -2.60809E-01   -2.74542E-01   -5.00757E-01   -5.06981E-01
     1.62000E+02    3.72613E-02    3.72613E-02   -9.09372E-01   -4.26404E-01   -2.62411E-01   -8.85646E-02   -1.64957E-01
     1.62500E+02    3.52010E-02    3.52010E-02   -9.08708E-01   -4.66548E-01   -2.76938E-01   -6.26476E-01   -6.41566E-01
     1.63000E+02    3.32011E-02    3.32011E-02   -9.04924E-01   -3.44066E-01   -2.75780E-01   -4.21473E-01   -4.25113E-01
     1.63500E+02    3.12604E-02    3.12603E-02   -9.11450E-01   -3.84690E-01   -2.58406E-01   -9.81925E-01    3.59353E-02
     1.64000E+02    2.93785E-02    2.93785E-02   -9.14738E-01   -4.93495E-01   -2.75713E-01   -5.30660E-01   -5.33000E-01
     1.64500E+02    2.75561E-02    2.75561E-02   -9.08974E-01   -4.53782E-01   -2.77345E-01   -3.01481E-01   -3.14403E-01
     1.65000E+02    2.57940E-02    2.57941E-02   -9.11100E-01   -3.23548E-01   -2.53021E-01   -6.66789E-01   -6.79686E-01
     1.65500E+02    2.40922E-02    2.40922E-02   -9.19857E-01   -4.98929E-01   -2.73267E-01   -4.65897E-01   -4.63234E-01
     1.66000E+02    2.24498E-02    2.24498E-02   -9.15329E-01   -5.13491E-01   -2.79172E-01    3.01049E-01    1.17371E-01
     1.66500E+02    2.08659E-02    2.08659E-02   -9.09616E-01   -3.84235E-01   -2.45827E-01   -5.52378E-01   -5.51616E-01
     1.67000E+02    1.93400E-02    1.93400E-02   -9.22702E-01   -4.79414E-01   -2.68853E-01   -3.98057E-01   -3.93935E-01
     1.67500E+02    1.78727E-02    1.78727E-02   -9.22863E-01   -5.43147E-01   -2.81109E-01   -7.29942E-01   -7.25081E-01
     1.68000E+02    1.64645E-02    1.64645E-02   -9.11212E-01   -4.95426E-01   -2.36373E-01   -4.93974E-01   -4.87627E-01
     1.68500E+02    1.51156E-02    1.51157E-02   -9.20005E-01   -4.14541E-01   -2.61285E-01   -2.41018E-01   -2.47388E-01
     1.69000E+02    1.38254E-02    1.38255E-02   -9.30759E-01   -5.60831E-01   -2.82947E-01   -5.67222E-01   -5.62789E-01
     1.69500E+02    1.25931E-02    1.25931E-02   -9.17942E-01   -5.49858E-01   -2.24419E-01   -4.50018E-01   -4.39990E-01
     1.70000E+02    1.14182E-02    1.14182E-02   -9.08848E-01   -4.26540E-01   -2.48614E-01   -8.95121E-01   -3.49733E-01
     1.70500E+02    1.03009E-02    1.03009E-02   -9.37655E-01   -5.74288E-01   -2.84465E-01   -5.09870E-01   -5.00794E-01
     1.71000E+02    9.24179E-03    9.24178E-03   -9.28319E-01   -5.79860E-01   -2.10383E-01   -3.95058E-01   -3.79024E-01
     1.71500E+02    8.24112E-03    8.24113E-03   -9.01943E-01   -5.24548E-01   -2.27306E-01   -5.73679E-01   -5.61341E-01
     1.72000E+02    7.29870E-03    7.29872E-03   -9.32974E-01   -5.70188E-01   -2.85449E-01   -4.78982E-01   -4.66504E-01
     1.72500E+02    6.41386E-03    6.41387E-03   -9.42304E-01   -6.09547E-01   -1.96037E-01   -8.44837E-02    4.08718E-03
     1.73000E+02    5.58599E-03    5.58599E-03   -9.09941E-01   -5.67806E-01   -1.90029E-01   -5.13520E-01   -5.01519E-01
     1.73500E+02    4.81496E-03    4.81495E-03   -8.77349E-01   -4.65200E-01   -2.85676E-01   -4.59171E-01   -4.40877E-01
     1.74000E+02    4.10113E-03    4.10112E-03   -9.60956E-01   -6.65079E-01   -1.85101E-01   -5.52492E-01   -5.06951E-01
     1.74500E+02    3.44500E-03    3.44501E-03   -9.27355E-01   -5.98866E-01   -1.18730E-01   -4.92113E-01   -4.78303E-01
     1.75000E+02    2.84679E-03    2.84680E-03   -8.39262E-01   -5.05056E-01   -2.84822E-01   -4.30200E-01   -3.84316E-01
     1.75500E+02    2.30620E-03    2.30621E-03   -9.39949E-01   -8.46332E-01   -1.82542E-01   -4.94825E-01   -4.78037E-01
     1.76000E+02    1.82261E-03    1.82261E-03   -9.56925E-01   -6.49607E-01    4.27385E-02   -4.91373E-01   -4.73832E-01
     1.76500E+02    1.39550E-03    1.39549E-03   -8.60824E-01   -5.37230E-01   -2.82124E-01   -8.04713E-02    3.04513E-01
     1.77000E+02    1.02476E-03    1.02475E-03   -3.50381E-01   -1.64576E-01   -1.91130E-01   -4.85345E-01   -4.70373E-01
     1.77500E+02    7.10738E-04    7.10737E-04   -9.91458E-01   -8.12004E-01    5.10112E-01   -5.05488E-01   -4.78287E-01
     1.78000E+02    4.53941E-04    4.53955E-04   -9.03473E-01   -5.81299E-01   -2.73364E-01   -3.28803E-01   -3.00167E-01
     1.78500E+02    2.54697E-04    2.54718E-04   -4.48904E-01   -2.61166E-01   -2.03217E-01   -5.07174E-01   -4.90673E-01
     1.79000E+02    1.12919E-04    1.12934E-04    9.24441E-01    5.85460E-01    5.43762E-01   -2.53556E-02   -1.22692E-02
     1.79500E+02    2.81787E-05    2.81838E-05    3.27367E-01    4.46550E-01    1.37436E-01    1.63739E-01    1.65106E-01
     1.80000E+02   -0.00000E+00   -0.00000E+00   -0.00000E+00   -0.00000E+00   -0.00000E+00   -0.00000E+00   -0.00000E+00
